1000 13 7
0
1 1
1 11
1 6
1 1
1 3
1 7
0
3 5 6 13
5 2 6 8 9 10
0
3 7 8 13
1 13
2 2 3
1 8
1 9
1 10
2 2 6
2 5 7
2 1 5
0
0
0
2 4 8
1 11
1 11
1 12
2 5 6
2 5 7
2 7 8
2 3 7
1 3
2 11 13
3 3 5 11
2 2 9
1 13
1 2
0
3 4 11 13
1 12
2 1 11
1 5
1 13
0
1 2
1 12
1 2
2 1 11
3 4 6 11
1 3
1 10
0
1 6
2 5 10
2 3 10
1 7
1 10
0
1 1
2 3 7
0
1 13
1 7
1 10
0
1 5
1 2
1 9
0
0
0
1 8
0
2 7 11
1 3
1 3
1 8
2 3 9
0
1 6
1 6
0
2 4 11
0
0
0
2 7 9
2 11 13
4 2 3 4 8
1 1
2 1 6
1 12
2 1 11
0
2 5 10
1 6
0
3 2 8 11
0
5 2 3 6 10 13
1 4
2 5 9
0
1 9
0
2 3 5
0
2 4 12
1 2
0
1 11
0
0
1 1
1 11
0
1 2
0
1 5
0
2 7 8
1 2
0
5 3 6 8 10 12
2 1 7
2 5 10
1 7
1 5
3 3 8 11
1 12
1 5
1 1
1 12
1 11
1 3
2 5 12
1 1
0
2 6 12
1 9
1 6
2 3 5
1 4
2 9 11
1 2
2 3 6
2 6 12
2 2 9
2 4 9
1 4
0
0
4 6 8 10 11
0
0
2 12 13
4 2 4 10 11
1 10
0
0
1 1
1 10
4 2 3 9 10
1 5
1 8
0
1 6
0
0
1 7
2 7 10
0
3 2 4 10
2 8 9
1 7
0
0
0
1 1
1 8
1 5
2 1 6
1 5
0
1 13
1 3
1 3
1 12
2 6 10
2 7 13
2 6 8
2 3 5
0
4 5 8 9 13
0
2 7 9
0
3 4 8 11
0
2 2 13
0
0
1 4
1 2
1 4
0
1 9
1 12
2 5 11
2 1 3
2 2 9
1 10
3 8 10 13
2 9 11
0
2 1 8
1 6
1 1
2 3 11
1 5
3 5 11 13
1 10
1 7
1 12
0
3 2 4 11
0
2 6 11
0
0
2 1 6
2 3 8
1 7
1 10
1 4
3 4 9 11
1 9
1 11
2 5 13
1 5
2 7 10
2 6 13
0
1 4
2 6 13
1 11
1 12
2 5 7
1 4
1 10
1 2
1 6
1 9
0
1 2
2 3 11
2 5 9
1 3
1 11
0
0
3 1 4 11
2 3 13
3 2 4 5
1 10
1 11
3 1 4 13
3 5 8 13
0
0
0
1 1
2 6 10
2 4 13
0
3 7 10 11
1 9
2 3 11
0
1 2
3 7 11 13
1 12
0
1 7
0
0
0
2 7 11
2 4 6
3 5 10 11
0
2 4 7
2 4 8
1 2
1 2
0
2 7 8
1 6
1 6
2 9 13
1 4
0
0
2 3 12
3 2 5 12
1 12
0
2 9 10
1 3
1 13
2 2 6
0
0
0
2 7 9
2 7 12
0
5 3 4 5 7 11
0
1 12
2 2 5
3 2 3 7
0
3 1 5 13
1 13
1 7
1 12
1 1
0
2 11 13
1 8
4 1 3 5 7
1 2
0
1 2
1 10
2 1 5
2 3 9
3 2 7 11
0
2 10 13
1 5
1 2
2 9 12
1 8
1 10
2 9 11
1 6
1 6
0
2 5 8
0
1 3
1 2
0
0
0
4 1 4 5 13
3 3 7 11
1 7
1 10
0
1 8
2 7 13
1 12
5 1 2 3 4 13
1 8
1 8
1 4
3 4 7 12
2 8 9
0
2 1 12
0
1 6
4 2 3 4 11
1 2
1 9
0
2 1 10
2 3 5
1 10
1 1
0
2 8 10
2 1 4
1 3
2 5 12
2 6 12
1 1
1 4
1 9
0
4 3 10 11 13
1 4
3 4 8 13
1 11
1 9
2 9 12
3 5 12 13
5 5 7 8 9 13
2 1 12
1 9
2 5 9
3 1 9 10
2 4 10
2 5 11
1 13
0
1 10
2 3 12
1 11
1 11
0
1 2
2 11 13
0
1 11
0
1 3
0
1 9
1 13
3 3 5 12
0
2 9 10
1 13
3 1 4 5
2 1 10
0
1 13
2 5 12
1 3
3 7 8 11
1 7
1 6
2 1 5
0
2 3 4
0
0
0
1 10
0
1 9
0
3 1 7 10
2 3 8
1 1
3 8 11 13
0
0
0
4 1 2 8 10
0
1 8
2 3 8
1 12
0
0
0
0
2 10 12
1 9
1 11
3 2 3 4
1 13
1 7
1 1
1 8
0
1 7
1 4
1 6
2 1 8
1 1
1 2
2 4 12
1 3
2 1 11
2 6 12
1 8
0
2 7 9
1 10
1 9
3 1 8 12
2 2 13
2 4 6
1 3
1 8
1 5
0
1 7
0
0
0
1 7
2 6 9
0
0
0
1 2
0
0
3 4 8 11
3 3 4 8
1 2
2 6 8
2 9 11
0
1 10
0
3 1 9 10
1 7
1 2
1 6
0
0
0
1 3
2 3 13
2 8 9
0
2 1 11
1 13
0
0
1 7
0
1 3
1 3
0
0
1 5
1 11
0
1 5
0
0
2 6 9
1 11
3 4 5 9
0
2 6 12
2 10 13
1 12
1 5
0
2 1 12
3 2 12 13
1 13
2 1 9
1 12
2 3 5
1 2
1 4
2 4 8
0
3 1 4 10
2 2 9
2 4 9
3 3 6 11
1 5
1 13
2 3 12
1 4
3 2 7 13
2 2 9
3 3 4 10
0
3 4 5 10
0
1 1
1 1
0
3 3 4 9
1 13
0
0
0
1 1
2 3 8
2 2 5
1 9
1 1
2 7 10
1 4
1 4
1 13
1 11
3 2 7 9
3 5 6 7
2 5 7
0
3 2 3 10
0
2 5 9
6 2 3 5 9 10 12
1 11
4 3 4 5 7
3 1 5 13
2 2 12
2 1 3
2 4 10
0
0
1 12
0
2 3 5
1 6
1 5
1 2
1 10
2 1 6
1 12
0
1 5
3 5 6 11
1 4
0
1 11
0
1 13
0
0
0
2 7 10
2 6 7
2 1 4
2 3 10
1 6
1 12
2 2 10
0
0
0
2 8 10
1 2
2 3 11
1 11
1 11
0
1 11
0
4 4 6 9 10
4 2 4 9 10
1 3
3 6 7 10
2 1 8
3 1 4 13
2 11 13
0
0
0
1 2
0
2 9 10
1 7
1 3
0
3 2 9 10
1 2
0
1 11
1 9
1 6
1 3
2 7 12
0
2 4 5
0
2 2 5
1 13
2 4 10
3 2 3 6
2 7 9
1 6
2 6 8
1 11
1 3
2 4 6
0
1 11
3 1 2 10
0
2 3 9
0
0
3 1 4 7
1 8
2 3 9
1 5
1 6
3 2 8 9
3 1 6 8
1 12
1 6
3 9 10 12
0
2 1 12
2 8 9
1 1
3 3 10 13
1 3
1 5
1 8
3 3 6 13
1 9
0
2 6 9
2 3 10
2 9 12
2 8 12
1 9
1 8
0
2 6 10
0
0
1 5
2 5 9
2 4 8
3 7 8 12
0
1 1
1 3
3 1 4 8
1 1
1 7
0
0
1 12
1 1
1 9
1 6
1 1
1 13
2 6 12
2 3 5
2 5 11
1 7
0
1 11
1 2
0
0
0
0
2 3 6
1 10
1 11
1 5
1 10
1 8
1 2
2 4 12
4 1 4 8 9
0
2 5 11
0
1 9
1 9
1 11
1 9
0
2 3 4
2 1 7
2 1 11
0
1 8
1 2
1 6
2 7 11
2 10 12
1 9
0
0
1 5
0
1 10
1 13
0
2 5 12
0
2 3 6
0
0
3 10 11 12
1 7
3 1 2 10
1 13
2 6 12
0
2 5 6
0
1 1
0
0
2 5 11
3 2 5 9
1 2
3 2 4 12
0
2 6 10
0
1 11
2 1 12
1 7
0
2 4 5
1 4
0
3 2 4 5
3 6 8 12
1 10
0
0
0
1 8
3 3 5 8
2 2 4
2 4 13
2 7 13
1 8
0
0
7 1 5 7 8 9 11 13
0
2 7 9
3 8 10 11
1 9
0
0
3 5 9 11
0
0
1 8
3 5 6 9
3 5 12 13
0
0
1 7
1 9
1 6
1 1
4 5 10 12 13
1 1
2 1 13
0
2 2 5
0
0
1 2
1 1
1 9
3 1 5 10
1 11
3 1 2 12
2 11 12
2 4 7
2 1 11
2 7 11
3 7 8 9
0
4 4 9 11 13
1 13
0
1 1
0
1 12
1 2
2 4 10
1 1
0
1 9
2 8 10
1 6
1 3
3 7 10 12
2 3 10
1 10
2 9 13
2 2 9
1 4
1 5
0
2 2 5
0
0
1 7
1 8
1 7
1 8
0
1 3
2 6 12
0
0
0
0
3 6 7 10
1 6
2 5 8
1 9
2 3 12
2 6 9
1 7
0
1 12
1 11
1 13
2 6 11
2 5 9
2 3 9
2 2 4
0
0
3 3 5 10
1 2
1 7
0
1 6
3 5 12 13
0
3 5 11 12
3 9 12 13
1 9
2 6 8
0
0
1 8
0
0
0
3 8 9 11
0
0
2 7 9
1 13
1 7
0
1 12
2 9 10
1 9
1 4
3 1 3 6
0
3 4 6 10
2 4 12
0
3 3 7 8
0
2 10 11
0
1 4
1 1
1 9
1 1
1 4
0
2 1 5
0
1 8
2 1 8
2 1 12
3 1 2 9
0
0
3 2 4 13
2 3 5
1 4
1 9
2 5 7
2 5 11
1 10
1 9
4 5 7 9 12
3 3 9 10
1 9
1 6
1 11
3 1 6 7
1 5
0
0
2 7 13
2 4 8
3 7 9 13
2 4 13
2 5 7
1 5
1 7
1 5
0
1 13
2 2 12
1 8
4 2 5 7 9
2 6 8
