500 4903
1 2 21180
1 63 96300
1 220 48300
1 245 57950
1 259 24140
1 263 27380
1 271 58900
1 287 4860
1 295 40740
1 301 48950
1 313 60950
1 318 28440
1 335 77060
1 342 98500
1 368 31760
1 370 39280
1 391 75240
1 396 97700
1 438 8060
2 3 11370
2 5 23070
2 9 81350
2 28 61540
2 32 80440
2 43 39800
2 77 99900
2 94 32710
2 99 18360
2 292 27580
2 320 80270
2 346 64820
2 377 85860
2 383 14370
2 403 83240
2 490 1580
3 4 95290
3 7 5990
3 29 91930
3 54 28420
3 61 33410
3 100 2390
3 134 64160
3 168 30110
3 177 96530
3 235 60270
3 247 92010
3 255 88100
3 284 57370
3 309 2930
3 336 77290
3 341 500
3 343 50420
3 375 56080
3 415 12050
3 422 9300
3 480 1820
3 486 29120
4 5 450
4 93 53980
4 100 97870
4 177 85000
4 181 21020
4 232 30160
4 280 7720
4 307 27100
4 318 99140
4 325 1010
4 334 5490
4 373 5900
4 452 74220
4 467 30880
4 477 15240
5 6 3870
5 27 74680
5 75 51370
5 80 29770
5 193 19850
5 211 53800
5 250 46450
5 263 34940
5 275 560
5 319 72070
5 381 51970
5 430 34280
5 437 19310
5 466 76050
5 476 12840
6 7 50150
6 18 10510
6 39 80010
6 42 27040
6 44 80050
6 72 97140
6 80 81430
6 122 55050
6 129 15260
6 139 88730
6 153 14410
6 206 2990
6 210 97970
6 240 94640
6 288 9730
6 387 77970
6 392 76390
6 413 90700
6 436 53900
6 474 69980
7 8 80880
7 18 4630
7 84 1910
7 88 79480
7 91 30550
7 112 19220
7 172 86200
7 191 69310
7 202 14700
7 264 4980
7 360 50250
7 379 61390
7 436 96530
7 448 35440
7 451 4380
7 499 26070
8 9 98530
8 22 62550
8 29 33930
8 31 17220
8 39 11430
8 47 33480
8 104 28830
8 144 23280
8 177 83040
8 207 95500
8 226 78730
8 234 92910
8 241 5100
8 272 91190
8 346 35460
8 351 88960
8 368 43510
8 447 29870
8 465 55500
8 473 19830
8 478 23030
8 480 2830
9 10 66430
9 20 47320
9 47 97650
9 49 67280
9 55 20380
9 94 38910
9 111 78110
9 123 24750
9 162 39200
9 205 72900
9 313 19250
9 324 37920
9 368 10140
9 390 12070
9 391 24620
9 396 86320
9 426 72720
9 461 51940
9 479 7890
10 11 64140
10 27 37430
10 29 31250
10 96 58640
10 109 21110
10 110 62240
10 121 23720
10 179 12430
10 203 99500
10 210 41190
10 233 54160
10 241 32560
10 317 85540
10 332 38050
10 344 9320
10 363 47360
10 380 14180
10 428 24640
10 448 43720
10 462 33740
10 497 43750
11 12 12360
11 73 37030
11 83 88140
11 117 73270
11 166 35810
11 173 83590
11 303 87470
11 374 15030
11 404 7150
11 462 9660
11 470 20870
12 13 70100
12 27 71810
12 38 28040
12 111 17660
12 119 88030
12 132 47330
12 178 48840
12 185 64820
12 221 60030
12 222 7500
12 227 13350
12 268 25230
12 322 29280
12 338 27390
12 347 83750
12 395 25310
12 413 6220
12 439 80020
12 497 33260
12 499 29430
13 14 12630
13 38 58580
13 66 8130
13 108 65080
13 126 23740
13 131 43160
13 162 51460
13 168 35650
13 219 50900
13 233 28070
13 255 73820
13 274 59190
13 345 5350
13 381 940
13 383 79750
13 395 54890
13 408 19620
13 438 71710
13 450 75680
14 15 14010
14 39 75780
14 64 73630
14 69 93350
14 143 21740
14 148 37150
14 156 55190
14 169 29250
14 199 29510
14 217 79920
14 230 86760
14 248 40570
14 311 10000
14 430 24890
14 448 64780
14 474 45380
15 16 34570
15 22 3180
15 32 42940
15 51 74150
15 56 83100
15 81 71010
15 84 73020
15 141 10980
15 154 53490
15 168 18180
15 208 39150
15 272 16370
15 373 40240
15 390 37470
15 431 86210
16 17 74160
16 65 65370
16 84 57740
16 96 23290
16 104 45250
16 121 79400
16 137 23250
16 141 68070
16 187 5820
16 202 98740
16 288 39800
16 327 54300
16 360 64880
16 395 78350
16 423 15490
16 427 44750
16 428 86330
16 486 71540
17 18 50280
17 121 72820
17 140 87830
17 176 95570
17 282 52790
17 304 82290
17 315 92320
17 381 78400
17 429 85530
18 19 6320
18 147 3460
18 156 13240
18 182 1610
18 192 79410
18 226 17470
18 245 95170
18 364 30980
18 412 47070
18 459 87400
18 475 29630
19 20 65850
19 170 18190
19 175 28970
19 208 92150
19 217 43290
19 249 34430
19 256 67160
19 335 950
19 419 20530
19 475 13120
20 21 48820
20 38 86810
20 45 57520
20 122 84840
20 162 21820
20 218 79220
20 226 2450
20 266 71740
20 304 85130
20 344 80470
20 407 75420
20 431 85550
20 435 95580
21 22 9410
21 29 21190
21 33 23190
21 89 11540
21 141 4630
21 150 78020
21 215 20260
21 233 47200
21 247 25580
21 308 89390
21 322 34520
21 354 79350
21 399 49930
21 457 23700
21 487 62300
21 494 40400
22 23 6820
22 59 7570
22 65 51930
22 71 57530
22 72 33710
22 105 43750
22 126 81700
22 135 4930
22 141 5580
22 174 2380
22 184 45700
22 194 63630
22 218 52760
22 235 12670
22 240 19880
22 291 2680
22 326 56620
22 327 30740
22 337 18220
22 347 60820
22 389 63660
22 449 13600
22 473 36770
22 496 70190
23 24 26770
23 62 70960
23 67 23580
23 95 81180
23 146 13620
23 164 16190
23 182 91860
23 211 83920
23 341 30180
23 390 52750
23 420 87900
23 421 78300
23 452 97960
23 476 17920
23 493 80890
24 25 77540
24 31 28880
24 65 44550
24 85 68910
24 181 89720
24 212 73180
24 217 45770
24 290 38860
24 312 80660
24 317 62940
24 359 76810
24 376 18150
24 387 23930
24 395 73710
24 402 23550
24 404 69790
24 418 11660
24 423 94650
24 427 21640
24 432 83670
24 468 76060
24 496 26410
25 26 71480
25 77 15000
25 98 16420
25 117 29630
25 148 35170
25 149 1810
25 164 10930
25 208 7670
25 209 62100
25 279 30740
25 290 4350
25 448 97080
25 467 26550
25 471 8900
25 473 77860
25 474 7940
26 27 20610
26 36 5550
26 37 57440
26 56 13760
26 73 36050
26 96 30440
26 147 37930
26 160 1020
26 167 74920
26 173 10430
26 237 4660
26 249 15630
26 262 69910
26 272 7090
26 285 87460
26 301 84730
26 322 60450
26 338 4470
26 350 79050
26 441 85690
26 453 94160
26 496 53530
26 497 33160
26 498 92750
27 28 52040
27 34 80880
27 61 66990
27 62 54170
27 63 57460
27 80 1870
27 140 44110
27 142 97940
27 151 5770
27 159 76980
27 162 15240
27 184 82550
27 194 28690
27 217 8810
27 243 25860
27 254 93400
27 274 51320
27 278 21970
27 291 9070
27 321 47970
27 326 51700
27 342 12710
27 356 7160
27 370 65940
27 378 85620
27 392 56580
27 398 75320
27 425 90890
27 426 21110
27 438 20290
27 463 44910
28 29 99990
28 139 6910
28 140 66960
28 143 4020
28 255 16860
28 311 33320
28 318 58220
28 397 12500
28 449 23140
28 453 13000
28 482 99640
28 494 98370
29 30 9170
29 39 97200
29 42 18000
29 123 49100
29 124 83710
29 177 15570
29 187 24880
29 201 46460
29 213 39580
29 216 79420
29 294 89400
29 305 71600
29 314 69180
29 319 38130
29 338 80630
29 340 46480
29 438 83250
29 441 77720
29 464 92790
29 477 13380
29 488 2320
30 31 14680
30 49 13360
30 63 72640
30 117 37580
30 124 29890
30 140 76950
30 174 12690
30 182 48870
30 187 16610
30 234 5040
30 235 56820
30 241 5490
30 258 35070
30 261 31260
30 296 58980
30 304 52530
30 341 65680
30 433 2770
30 439 12880
30 492 5790
30 500 10810
31 32 60110
31 68 32370
31 82 93210
31 88 99000
31 89 89800
31 127 31590
31 161 51480
31 165 71760
31 178 57380
31 189 24000
31 203 38250
31 256 57680
31 265 53640
31 287 43190
31 330 3380
31 348 43180
31 381 60550
31 494 23940
31 497 300
32 33 29670
32 36 65660
32 58 53560
32 73 23070
32 112 39330
32 147 84110
32 192 87740
32 251 76090
32 263 35690
32 312 22390
32 338 92370
32 341 83300
32 352 74290
32 447 84080
32 475 42880
33 34 75110
33 91 85580
33 178 20320
33 201 87330
33 265 85550
33 268 96300
33 315 6970
33 340 78790
33 380 26180
33 451 3360
33 457 59690
33 491 56260
34 35 99410
34 48 19380
34 96 14230
34 101 63580
34 181 33750
34 185 21610
34 209 51310
34 215 97790
34 241 63560
34 245 66630
34 247 15340
34 305 89570
34 358 41840
34 364 5330
34 382 14680
34 395 73080
34 433 64800
34 452 5990
34 470 49070
34 479 20520
34 490 29420
35 36 42260
35 39 87150
35 66 950
35 82 36290
35 118 11790
35 125 36840
35 138 51240
35 150 62500
35 175 48510
35 205 58160
35 211 23520
35 250 19630
35 299 20870
35 305 2890
35 345 45770
35 350 1550
35 406 30780
35 423 97730
35 427 900
35 448 1700
35 471 35410
36 37 52420
36 66 49450
36 93 2520
36 104 56450
36 106 90020
36 130 50480
36 176 2190
36 200 63570
36 221 61650
36 243 71220
36 333 50710
36 343 20460
36 357 78750
36 398 62650
36 411 47470
36 437 70880
36 442 71050
36 447 98990
36 468 31810
36 480 2600
37 38 66580
37 47 34310
37 94 74690
37 169 1660
37 203 20130
37 232 74240
37 248 67210
37 285 32120
37 338 65510
37 369 24880
37 391 37000
37 435 16540
37 446 2450
37 455 16710
37 484 57420
38 39 61020
38 63 95480
38 132 74610
38 138 45470
38 195 64220
38 213 81050
38 228 22500
38 287 41020
38 366 33270
38 396 72510
39 40 96620
39 45 45970
39 61 11750
39 84 7370
39 105 40540
39 114 47000
39 122 16280
39 149 98500
39 157 19850
39 192 56800
39 212 61830
39 247 63990
39 333 4040
39 338 12960
39 363 58070
39 465 70110
39 467 94890
39 483 15990
40 41 18710
40 57 65710
40 103 12090
40 136 4210
40 161 41510
40 173 13740
40 185 32440
40 227 58930
40 335 21300
40 336 25380
40 337 35690
40 419 59730
40 453 60120
40 476 61150
41 42 50150
41 50 92410
41 54 89370
41 55 59300
41 90 33540
41 118 98170
41 164 29200
41 170 78640
41 235 22160
41 241 900
41 265 70450
41 354 49500
41 369 68930
41 417 41120
41 474 31490
42 43 53070
42 46 29590
42 50 1340
42 86 32280
42 94 79350
42 120 18760
42 176 14370
42 211 7590
42 212 10600
42 223 790
42 228 76430
42 267 39000
42 283 35340
42 288 36140
42 303 68460
42 322 92460
42 323 79440
42 440 56260
42 468 87410
43 44 26240
43 84 72350
43 100 96790
43 107 86250
43 120 38720
43 121 49960
43 127 80220
43 155 93160
43 157 97580
43 164 90820
43 214 12050
43 222 140
43 237 7540
43 253 48420
43 256 59760
43 318 53780
43 320 24460
43 323 54720
43 330 93660
43 368 16930
43 385 4090
43 409 17070
43 414 56440
43 450 23560
43 499 64710
44 45 81170
44 57 15070
44 116 89660
44 206 9630
44 209 51940
44 218 29250
44 261 90440
44 271 48110
44 281 64830
44 289 55020
44 293 9710
44 343 96390
44 411 69560
44 424 8860
44 436 24880
44 479 51230
45 46 56320
45 50 66200
45 57 13560
45 104 10530
45 111 60330
45 134 45290
45 137 3990
45 139 75330
45 194 32540
45 226 26080
45 236 74390
45 267 39210
45 313 62980
45 340 24970
45 380 12650
45 421 41990
45 436 13080
45 454 49890
46 47 68950
46 79 84840
46 80 51690
46 82 87100
46 92 90910
46 151 53510
46 158 29050
46 226 12000
46 237 68420
46 238 82450
46 245 11960
46 264 59190
46 283 12760
46 333 66190
46 363 88670
46 370 71830
46 386 11920
46 427 93420
47 48 37660
47 129 4760
47 241 74630
47 275 27540
47 286 77940
47 315 5080
47 334 62580
47 337 93470
47 357 60860
47 381 62280
47 415 4660
47 425 21970
47 427 78940
47 481 13940
47 499 97990
48 49 18350
48 55 41800
48 85 11510
48 112 77170
48 135 4750
48 152 99780
48 181 2360
48 182 89220
48 197 77840
48 216 97480
48 222 45320
48 224 17000
48 241 23480
48 332 14030
48 388 49230
48 404 56240
48 431 96550
48 497 51850
49 50 87900
49 61 54580
49 82 83120
49 91 75640
49 101 62450
49 106 68140
49 125 960
49 134 49850
49 137 2200
49 207 16590
49 216 12510
49 252 67260
49 273 77660
49 275 39200
49 276 97160
49 282 38470
49 338 58180
49 346 84260
49 379 33740
49 383 54750
49 405 57430
49 421 26090
49 445 95520
49 454 79220
49 456 63560
49 496 1900
50 51 23990
50 108 79840
50 141 91160
50 159 40540
50 190 97820
50 192 7520
50 215 2470
50 250 22560
50 252 51360
50 257 81900
50 259 10070
50 261 17750
50 313 1490
50 333 89740
50 357 14760
50 400 72550
50 414 46320
50 416 82880
50 421 80410
50 461 17330
50 464 62480
50 483 72400
51 52 46170
51 101 86260
51 140 19960
51 146 50970
51 150 21000
51 163 28690
51 179 99100
51 193 3400
51 194 35540
51 197 920
51 205 81350
51 222 74940
51 229 50050
51 235 64510
51 259 92470
51 276 18810
51 334 96810
51 343 70560
51 357 30860
51 363 13000
51 371 52050
51 377 69950
51 422 75140
51 462 11010
51 481 76960
52 53 58510
52 80 22080
52 82 28960
52 114 75360
52 150 10220
52 189 57750
52 238 16950
52 259 15330
52 264 54990
52 385 22170
52 472 56080
52 474 80360
52 480 58400
53 54 97500
53 59 89200
53 99 12860
53 107 41980
53 115 32470
53 180 64680
53 234 1860
53 239 52800
53 282 73050
53 378 46460
53 387 3150
53 424 51180
53 434 91130
53 435 66640
53 440 22420
53 472 41610
53 492 15120
54 55 23340
54 59 11350
54 88 86410
54 119 2260
54 134 51630
54 155 91680
54 168 41940
54 172 38600
54 186 1130
54 192 24760
54 221 75780
54 289 14150
54 343 15460
54 356 66820
54 397 25610
54 424 75270
54 458 2810
55 56 42120
55 76 73920
55 236 75550
55 243 18450
55 313 86060
55 328 5110
55 414 87280
55 476 82650
56 57 22250
56 179 22590
56 225 32150
56 234 43870
56 242 83770
56 271 23890
56 340 70200
56 383 65260
56 394 79750
56 403 23140
56 409 60400
56 410 96650
56 439 7780
57 58 51510
57 61 55680
57 134 35930
57 163 55600
57 240 73040
57 302 5410
57 309 6020
57 346 92670
57 377 87410
57 403 41700
57 411 11630
57 468 64330
57 483 22430
57 494 79320
58 59 10660
58 84 33890
58 94 67080
58 141 72770
58 190 2800
58 204 79670
58 215 52230
58 224 17650
58 233 95720
58 257 52500
58 265 27440
58 338 95430
58 373 47850
58 374 57810
58 468 37130
58 490 13270
58 496 50200
59 60 30210
59 69 38700
59 74 9670
59 115 83780
59 119 78800
59 137 48470
59 178 19540
59 191 4950
59 257 86380
59 274 2720
59 282 59330
59 294 22540
59 296 7390
59 309 16860
59 363 83900
59 375 99760
59 392 72520
59 405 71850
59 459 7140
59 485 15590
60 61 57640
60 124 73460
60 150 18740
60 152 53650
60 161 20830
60 165 45640
60 175 22330
60 209 35880
60 237 33440
60 275 87030
60 290 73940
60 315 71340
60 329 67650
60 356 51100
60 446 68390
60 453 60950
60 455 76140
60 467 18180
60 489 51370
61 62 41730
61 74 54920
61 85 87850
61 87 56370
61 92 20190
61 99 12360
61 162 86260
61 193 70110
61 252 22260
61 260 54580
61 297 61540
61 329 13030
61 334 91910
61 335 56370
61 342 5870
61 418 22170
61 419 92310
61 425 53120
61 450 74070
61 500 83950
62 63 22850
62 70 66280
62 105 27660
62 110 11240
62 112 71340
62 159 41080
62 178 97830
62 196 19990
62 202 25210
62 207 89650
62 216 45780
62 308 93450
62 336 32840
62 365 16850
62 376 2030
62 388 20
62 395 43090
62 425 46750
62 430 55750
62 456 45970
62 463 45360
62 494 30560
62 495 8720
63 64 55050
63 86 20770
63 108 71310
63 136 16010
63 186 19900
63 251 78380
63 252 17640
63 261 82410
63 277 7010
63 378 58640
63 406 12540
63 412 20350
63 455 17440
63 498 44220
64 65 22040
64 67 22250
64 77 12260
64 129 26030
64 219 71790
64 252 30480
64 299 53560
64 323 25400
64 332 66180
64 353 61300
64 362 35070
64 365 11290
64 376 21560
64 383 260
64 385 33600
64 388 23790
64 414 41200
64 445 86130
64 448 76950
64 500 10460
65 66 81710
65 88 10220
65 96 28570
65 130 92900
65 160 63690
65 189 22810
65 232 14500
65 263 52550
65 266 29780
65 311 66440
65 380 51110
65 391 16760
65 401 4920
65 404 26400
65 405 14600
65 441 52900
65 464 50670
65 475 73400
65 487 97210
65 488 35740
66 67 16330
66 76 95280
66 78 58990
66 80 16930
66 89 5650
66 109 47260
66 152 1340
66 185 49170
66 257 33350
66 276 7280
66 295 6800
66 342 89300
66 365 92060
66 374 57140
66 385 46480
66 429 4590
67 68 77910
67 73 23280
67 203 80730
67 222 98560
67 244 13290
67 296 92260
67 310 76980
67 343 53460
67 379 30890
67 400 84600
67 411 38300
67 447 72310
67 485 12220
67 500 660
68 69 60630
68 101 49220
68 108 14830
68 127 39510
68 136 23380
68 144 520
68 222 77080
68 223 61680
68 269 88090
68 272 78500
68 301 10540
68 311 99200
68 337 86270
68 367 45840
68 386 95390
68 441 59730
68 444 75830
68 463 4230
68 478 92930
68 491 56170
68 496 14300
69 70 27280
69 108 26080
69 110 12570
69 141 92990
69 153 73430
69 249 87700
69 255 5290
69 276 85070
69 297 5250
69 306 13000
69 346 20560
69 358 5930
69 363 9760
69 458 42130
69 480 56600
69 485 42400
70 71 56150
70 84 74580
70 98 18850
70 134 22880
70 173 28030
70 215 57400
70 224 78910
70 243 2100
70 400 13300
70 406 94990
70 419 11560
70 466 34040
71 72 25980
71 123 60320
71 140 15130
71 182 92540
71 183 20910
71 188 89860
71 203 22150
71 245 34410
71 294 56250
71 299 880
71 310 99930
71 316 69230
71 332 3980
71 448 31140
72 73 10530
72 97 68660
72 108 55290
72 131 68240
72 172 90980
72 174 74550
72 266 42760
72 267 21000
72 336 34490
72 345 830
72 368 19940
72 379 15500
72 399 19890
72 426 29740
72 428 20350
72 473 84520
73 74 15510
73 84 790
73 122 55070
73 136 18870
73 148 30840
73 158 94260
73 181 13560
73 185 77940
73 190 47130
73 206 9760
73 226 55830
73 233 23050
73 243 29010
73 271 22890
73 293 16180
73 315 3320
73 326 15140
73 437 37810
73 442 57010
73 472 44970
73 491 32340
74 75 59840
74 76 8770
74 113 67450
74 142 47410
74 144 62310
74 156 94890
74 169 14320
74 173 8200
74 187 23900
74 204 84150
74 217 26600
74 244 78430
74 256 14780
74 268 84930
74 286 26420
74 349 37470
74 367 35300
74 378 73210
74 390 87760
74 414 13550
74 438 70760
74 460 6390
75 76 27380
75 133 16220
75 206 72980
75 207 29550
75 243 98920
75 259 5040
75 265 73270
75 306 40070
75 340 45490
75 405 80670
75 411 77660
75 414 55120
75 464 47090
75 475 85270
75 492 41670
76 77 86550
76 101 23660
76 148 76950
76 162 52390
76 200 46400
76 270 92220
76 285 38940
76 332 26200
76 356 7910
76 363 18690
76 385 64260
76 434 71310
76 443 79970
76 456 90740
76 499 41610
77 78 27760
77 82 2970
77 122 18980
77 149 28760
77 163 48820
77 171 60550
77 226 44750
77 231 6060
77 281 38270
77 324 45370
77 358 30240
77 414 19910
78 79 2370
78 153 53900
78 165 22400
78 177 26610
78 194 24610
78 268 4230
78 281 2680
78 286 6410
78 322 17870
78 371 13570
78 397 79170
78 412 16790
78 426 80210
78 434 19020
78 443 40300
78 476 39330
79 80 95150
79 114 430
79 139 1620
79 189 47220
79 197 10770
79 240 98850
79 247 81670
79 249 6110
79 253 27070
79 344 50880
79 360 82010
79 376 50660
79 403 12330
79 409 28940
79 418 47830
79 474 31450
79 484 14420
80 81 62790
80 95 56550
80 140 34100
80 167 61990
80 171 85520
80 185 26620
80 240 47230
80 246 3400
80 265 88970
80 298 87990
80 357 220
80 399 28480
80 421 64340
81 82 9050
81 99 41890
81 112 16650
81 132 89140
81 152 45310
81 183 16780
81 188 92300
81 217 95270
81 241 97330
81 274 47480
81 396 5540
81 401 18790
81 443 10360
81 460 11260
81 484 48440
81 487 38860
82 83 34350
82 112 43360
82 135 49440
82 167 21380
82 226 8900
82 362 93310
82 405 89370
82 432 10250
82 434 11460
82 446 14930
82 490 95020
82 497 19970
83 84 65840
83 94 89670
83 103 76770
83 115 61230
83 124 24390
83 128 44760
83 201 19700
83 224 28510
83 283 1670
83 284 76880
83 297 94410
83 300 90830
83 308 13920
83 357 9460
83 384 87290
83 455 64920
83 472 89120
83 479 54250
84 85 59410
84 139 88620
84 192 11440
84 212 87690
84 236 23580
84 250 52190
84 264 73930
84 287 66800
84 299 95940
84 319 34240
84 329 75630
84 390 77970
84 446 65250
85 86 65100
85 125 58770
85 144 10420
85 166 92700
85 198 25970
85 207 93420
85 213 1520
85 215 98500
85 259 28930
85 268 10840
85 270 16710
85 277 20350
85 352 63830
85 366 82430
85 368 53360
85 388 66240
85 400 28380
85 426 90990
85 435 4350
85 463 57820
85 465 38030
86 87 5830
86 107 23870
86 108 18080
86 116 96530
86 129 64280
86 146 51020
86 166 84680
86 178 2700
86 180 29010
86 189 79060
86 210 74450
86 231 34080
86 250 49710
86 251 14920
86 310 79800
86 359 51500
86 371 79020
86 444 22960
86 466 87290
86 475 35230
87 88 25070
87 103 79160
87 185 50730
87 231 20640
87 273 9420
87 275 89410
87 280 52780
87 315 10490
87 316 640
87 412 24710
87 461 32770
88 89 88310
88 112 10110
88 116 94060
88 127 21680
88 242 72470
88 256 42480
88 279 66770
88 331 16080
88 338 45430
88 390 95640
88 416 87600
88 463 75990
88 472 97950
88 485 12600
89 90 87180
89 154 69840
89 183 85240
89 246 12090
89 249 35550
89 259 30990
89 269 4900
89 297 65570
89 318 86030
89 332 73240
89 395 35060
89 402 86200
89 414 75340
89 421 33050
89 466 15900
89 467 3640
89 488 23580
90 91 77140
90 122 67070
90 154 4550
90 201 25750
90 259 80190
90 273 71430
90 288 14700
90 355 38530
90 406 13500
90 419 10040
90 422 12110
90 483 67240
91 92 77970
91 96 79670
91 173 81720
91 205 63300
91 206 3980
91 208 68730
91 250 43680
91 264 61130
91 320 98660
91 321 34020
91 400 30600
91 447 75900
91 484 20580
92 93 78830
92 131 23120
92 181 89820
92 251 85620
92 258 60290
92 264 53300
92 280 88560
92 310 87890
92 351 83420
92 366 50900
92 382 55080
92 384 26080
92 390 25090
92 420 42750
92 459 36840
92 474 18960
92 483 29820
92 487 76810
92 491 3100
93 94 2720
93 101 61680
93 114 28780
93 124 23540
93 151 32430
93 155 62900
93 165 5100
93 172 95380
93 184 30040
93 188 33010
93 238 2650
93 250 92250
93 254 71250
93 276 99740
93 280 5940
93 315 46060
93 320 56610
93 353 82640
93 444 84990
93 461 53110
93 473 86330
93 486 64260
94 95 43530
94 111 39440
94 130 75670
94 173 93840
94 192 89480
94 202 99800
94 224 50950
94 232 17910
94 259 28350
94 274 60770
94 284 58740
94 378 9240
94 388 47520
94 439 45810
94 445 58630
94 446 5190
94 449 79300
95 96 44810
95 112 44900
95 118 48590
95 143 13570
95 154 74590
95 210 93480
95 234 14780
95 264 46410
95 310 6600
95 320 91900
95 327 60930
95 341 58340
95 383 42400
95 401 19390
95 423 3420
96 97 61450
96 124 41300
96 174 51620
96 187 12230
96 189 11700
96 231 76260
96 290 98560
96 297 18650
96 316 3100
96 418 50760
96 441 88640
96 444 37550
96 468 10360
97 98 24590
97 127 83680
97 130 69380
97 133 25060
97 182 20440
97 199 35200
97 203 82480
97 212 22850
97 244 25200
97 343 19520
97 344 98550
97 349 97740
97 367 9440
97 391 65600
97 392 73020
97 415 22420
97 452 37850
97 463 5180
97 475 38330
97 489 96460
98 99 74830
98 101 86760
98 142 52040
98 157 82980
98 164 60420
98 217 17610
98 231 48200
98 247 20710
98 262 5130
98 267 53960
98 305 96090
98 334 44850
98 399 53300
98 421 10130
98 484 76410
98 498 47600
99 100 10810
99 122 23900
99 135 32730
99 148 11780
99 195 51350
99 204 87820
99 220 33330
99 233 83380
99 263 22540
99 348 95120
99 351 27530
99 354 64520
99 423 22770
99 444 8310
99 477 96990
100 101 99920
100 135 5230
100 144 59040
100 150 44080
100 175 34850
100 187 47080
100 191 74850
100 218 44180
100 227 13490
100 228 46200
100 251 83740
100 277 22850
100 304 45450
100 369 62280
100 374 46660
100 382 6150
100 391 7410
100 395 73150
100 405 63690
100 439 62550
100 457 68390
100 475 17840
101 102 5810
101 164 15360
101 251 69960
101 254 5670
101 280 85360
101 376 77790
102 103 98520
102 175 19770
102 199 42660
102 205 12850
102 232 2780
102 249 44570
102 263 80430
102 289 4360
102 325 1290
102 344 10760
102 345 74310
102 354 2130
102 479 20810
103 104 94310
103 106 8460
103 115 46980
103 193 71960
103 255 68910
103 303 9960
103 313 36100
103 350 6520
103 402 65090
103 407 15070
103 419 14620
103 434 81720
103 451 47200
104 105 44440
104 106 36890
104 122 79440
104 136 47800
104 157 60070
104 169 38200
104 170 82670
104 180 15270
104 242 17250
104 243 9450
104 301 74970
104 306 31490
104 312 93030
104 321 2300
104 330 65590
104 334 11630
104 335 50310
104 365 47520
104 422 59560
104 462 2230
105 106 67720
105 116 99390
105 117 58560
105 121 32200
105 173 30820
105 176 98450
105 196 95900
105 235 30370
105 251 33120
105 301 5760
105 313 75230
105 337 22240
105 391 19540
105 462 83550
105 473 77880
106 107 28600
106 120 6420
106 141 92570
106 153 1880
106 161 33840
106 196 38510
106 209 53790
106 235 68660
106 263 32950
106 456 97070
107 108 77550
107 132 17840
107 166 56750
107 192 37640
107 235 75180
107 244 8490
107 262 84040
107 284 71100
107 285 78800
107 309 38610
107 422 13780
107 464 4790
107 478 97020
107 488 19040
107 491 85720
108 109 9850
108 110 51150
108 189 70850
108 230 18410
108 303 38790
108 357 12060
108 370 73970
108 373 7220
108 453 21070
108 473 22070
108 482 10490
109 110 24000
109 241 26840
109 287 52930
109 320 88090
109 378 25340
110 111 10490
110 211 22990
110 333 57000
110 343 57110
110 344 28190
110 359 82710
110 372 16990
110 383 38710
110 424 21460
110 487 18790
111 112 60690
111 128 30240
111 142 13920
111 194 71520
111 245 13820
111 253 13560
111 298 50540
111 310 72170
111 337 95530
111 348 85780
111 403 16070
111 453 86460
111 497 80630
112 113 87330
112 131 16800
112 158 26640
112 163 93810
112 175 86440
112 188 87610
112 193 3340
112 207 49470
112 237 25650
112 265 43720
112 309 11890
112 381 1360
112 388 11750
112 408 99470
113 114 41940
113 200 78760
113 220 99460
113 228 1120
113 230 7450
113 258 37500
113 299 32060
113 300 7490
113 301 50870
113 350 25240
113 368 83460
113 382 61120
114 115 80440
114 119 73550
114 143 58710
114 214 7170
114 228 40080
114 240 12590
114 347 89420
114 359 11010
114 397 98260
114 436 80700
114 471 7360
114 497 62250
114 498 60170
115 116 16030
115 128 53260
115 148 70690
115 154 53640
115 171 13050
115 188 2580
115 221 8760
115 229 49680
115 264 95780
115 293 71400
115 342 68840
115 377 85820
115 388 10180
115 421 89250
115 462 88200
115 480 81790
116 117 91140
116 130 14790
116 188 99890
116 192 43290
116 225 45840
116 248 27310
116 261 14740
116 275 27020
116 278 49410
116 289 63580
116 337 25060
116 349 13050
116 358 27000
116 384 74680
116 387 65000
116 391 20470
116 398 28720
116 480 32320
116 481 79230
117 118 8110
117 124 65010
117 153 32900
117 156 23660
117 170 5930
117 211 88450
117 225 21700
117 231 95210
117 269 620
117 295 1550
117 306 93290
117 328 83800
117 410 83140
117 413 64280
117 493 57590
118 119 67580
118 121 13560
118 135 26490
118 270 13090
118 283 35590
118 318 7060
118 374 89070
118 391 67100
118 403 84600
118 408 87840
118 416 90450
118 419 73890
118 453 44680
118 469 48370
118 471 24850
119 120 6200
119 145 95380
119 151 49450
119 162 18520
119 197 11790
119 202 90100
119 217 23210
119 269 60060
119 276 78030
119 297 92040
119 309 96670
119 331 22740
119 374 97140
120 121 90500
120 134 10550
120 148 51020
120 156 41190
120 174 39550
120 213 74420
120 214 81540
120 217 36900
120 227 84620
120 274 83730
120 349 82740
120 359 50870
120 408 99120
120 416 84160
120 435 88130
121 122 63710
121 127 8590
121 143 56950
121 170 1150
121 176 52150
121 181 76320
121 190 58870
121 239 58230
121 275 7680
121 286 2560
121 293 54370
121 294 93270
121 346 65690
121 407 25360
121 408 35910
121 440 20680
121 441 56140
121 450 22620
121 475 69710
121 496 91490
122 123 41260
122 152 10760
122 199 31010
122 253 25400
122 301 65290
122 337 63970
122 346 23840
122 348 30890
122 349 56680
122 368 59630
122 371 11050
122 378 64860
122 384 42200
122 393 96020
122 405 8550
122 460 21060
122 479 1350
122 482 89880
122 497 89480
123 124 37890
123 126 52240
123 191 22840
123 231 97820
123 238 43930
123 273 33510
123 344 92260
123 349 47070
123 376 77240
123 395 20740
124 125 69740
124 173 73630
124 222 15310
124 228 38430
124 233 23970
124 246 13790
124 254 16080
124 265 65500
124 326 18960
124 335 36430
124 346 44160
124 354 95700
124 385 61660
124 439 82870
124 450 59660
124 457 83870
124 462 61950
124 472 43920
124 486 90280
125 126 40170
125 157 44690
125 167 20140
125 184 8670
125 192 53820
125 209 22680
125 245 31070
125 250 58510
125 298 3070
125 306 4800
125 334 17380
125 340 69170
125 346 36940
125 448 19790
126 127 29060
126 168 54710
126 202 70440
126 213 60230
126 240 65270
126 252 16720
126 259 19130
126 267 86620
126 312 24410
126 314 65260
126 318 59840
126 328 12870
126 336 56910
126 352 19430
126 436 67050
126 454 2980
126 455 11610
126 456 45350
126 481 69970
127 128 18820
127 160 37340
127 223 15950
127 288 16580
127 332 97610
127 362 67520
127 374 39010
127 419 17950
127 449 70540
127 455 7030
128 129 35760
128 140 21240
128 152 84220
128 234 32180
128 312 91190
128 337 26450
128 471 1820
128 472 15620
128 498 58310
129 130 9790
129 140 48300
129 162 34020
129 182 22210
129 270 45470
129 293 67310
129 312 35190
129 385 15540
129 392 1540
129 396 82180
129 428 14680
129 431 66920
129 495 77970
130 131 46310
130 162 7010
130 233 45070
130 254 74200
130 263 17270
130 340 7250
130 360 42240
130 369 920
131 132 44490
131 137 26030
131 178 34710
131 193 7110
131 235 83270
131 264 4180
131 266 8220
131 268 20350
131 287 77870
131 321 51120
131 326 50580
131 352 8440
131 384 51640
131 386 33530
131 433 78140
131 493 63820
132 133 95430
132 137 4340
132 299 26060
132 311 12010
132 341 80970
132 407 51040
132 422 56660
132 427 45360
132 450 25890
132 473 82160
132 481 51240
133 134 28060
133 190 18210
133 208 36180
133 247 4420
133 251 78770
133 283 680
133 399 63150
133 406 68150
133 479 64350
134 135 45630
134 137 18510
134 160 97280
134 213 44950
134 299 93170
134 403 30070
134 411 16000
134 437 57270
134 438 58450
134 449 41610
134 472 47510
135 136 9770
135 139 8960
135 154 96330
135 192 8280
135 215 78790
135 243 79550
135 273 39140
135 291 17910
135 300 57820
135 321 92880
135 326 26850
135 340 58130
135 364 19340
135 394 14890
135 440 70610
135 443 75230
136 137 35490
136 139 46460
136 268 80860
136 275 20960
136 298 96660
136 315 27800
136 376 7010
136 405 73010
136 412 18240
136 432 85700
136 433 51400
136 441 6610
136 442 99030
137 138 46350
137 139 95040
137 155 88550
137 191 3570
137 303 14180
137 308 58800
137 335 21470
137 377 62490
137 378 62240
137 382 18110
137 386 19700
137 401 24360
137 449 75390
137 474 63030
137 476 60960
137 482 24370
137 493 860
138 139 25550
138 197 55790
138 199 10630
138 285 45440
138 288 1480
138 328 20100
138 372 5510
138 380 39190
138 382 84650
138 421 29240
139 140 44320
139 152 81680
139 162 99340
139 168 96100
139 178 32850
139 188 2030
139 216 97120
139 246 4280
139 255 5170
139 297 34290
139 298 57250
139 324 77110
139 386 3830
139 491 84080
140 141 62050
140 210 11270
140 221 44370
140 243 10150
140 249 35020
140 254 77880
140 286 6910
140 312 56330
140 313 48040
140 336 99260
140 364 97060
140 408 95840
140 424 620
140 475 39100
140 479 73480
140 484 64520
141 142 54050
141 167 50380
141 270 9890
141 287 29800
141 316 98550
141 333 61950
141 341 37970
141 374 72470
141 386 8730
141 393 83450
141 398 88090
141 405 78580
141 415 7240
141 427 7360
141 458 32860
141 494 49440
141 495 80080
142 143 90620
142 178 2140
142 191 39150
142 202 11040
142 233 41600
142 240 29090
142 241 2580
142 250 2190
142 257 40510
142 259 51350
142 277 52630
142 279 62250
142 311 34280
142 366 22450
142 405 72080
142 439 22490
142 444 73760
142 477 540
142 478 14240
142 499 29390
143 144 47960
143 147 85190
143 163 24860
143 179 7640
143 189 39960
143 224 12230
143 229 64800
143 233 73820
143 268 65340
143 295 86260
143 313 37800
143 315 13200
143 318 69850
143 320 19120
143 322 15740
143 437 58300
144 145 35750
144 208 610
144 236 8890
144 257 33640
144 330 19910
144 335 250
144 439 99510
144 482 13500
144 496 69610
145 146 93160
145 186 11720
145 240 52950
145 245 35570
145 352 44980
145 357 56710
145 420 3540
145 488 11890
145 494 68760
145 495 73950
145 496 99170
146 147 66570
146 194 99790
146 214 24880
146 306 27200
146 313 15150
146 345 57720
146 358 90240
146 474 14380
147 148 95200
147 155 36070
147 217 3510
147 221 97180
147 229 6060
147 419 84180
147 435 14710
147 474 25040
148 149 72660
148 156 84290
148 162 94110
148 197 69760
148 206 46450
148 232 18110
148 253 700
148 264 48470
148 301 95420
148 312 83570
148 396 86620
148 402 59070
148 413 56650
148 445 6530
148 452 92300
149 150 6990
149 167 82650
149 195 53640
149 201 18150
149 206 36750
149 265 43660
149 289 37560
149 306 24990
149 308 6230
149 360 54110
149 366 9550
149 407 310
149 434 87460
149 447 20210
149 479 5670
149 480 78840
149 499 35050
150 151 19730
150 207 13560
150 257 8750
150 302 23440
150 324 65730
150 345 39180
150 361 7280
150 454 53180
151 152 76530
151 171 24400
151 182 42820
151 254 60630
151 273 760
151 298 6720
151 326 50100
151 331 10200
151 350 47600
151 354 84030
151 413 31440
151 494 67640
152 153 55970
152 166 88640
152 229 52280
152 378 46920
152 432 9510
152 435 98590
152 436 59590
152 451 55440
152 499 36890
153 154 79750
153 247 62300
153 333 53750
153 376 69500
153 406 30190
153 427 8560
153 483 13780
153 495 71360
154 155 4690
154 161 90820
154 170 77800
154 218 32210
154 268 4070
154 280 17680
154 293 20890
154 304 22700
154 311 20200
154 320 87530
154 338 8370
154 347 91270
154 366 27170
154 460 73140
154 479 37870
155 156 98620
155 220 60380
155 269 47030
155 273 60400
155 322 73220
155 328 44000
155 345 29430
155 378 4560
155 388 98970
155 409 97750
155 420 96780
155 431 47910
155 447 77350
155 450 910
155 479 56290
156 157 29960
156 203 24510
156 221 53540
156 229 31640
156 231 12360
156 237 50800
156 263 26900
156 268 85690
156 302 26610
156 329 62290
156 345 49220
156 394 35920
156 397 71150
156 456 58640
157 158 89640
157 200 92250
157 211 76830
157 272 56720
157 287 97690
157 326 6270
157 411 30800
157 488 21210
157 489 66880
158 159 48890
158 169 78730
158 214 11680
158 263 27140
158 273 220
158 350 22110
158 370 20830
158 478 79200
158 488 26920
159 160 34500
159 188 70300
159 199 6920
159 200 43350
159 216 21320
159 281 87570
159 299 1010
159 331 82700
159 371 13620
159 408 59820
159 439 25570
159 443 79750
160 161 51170
160 203 9650
160 220 34140
160 246 45370
160 254 85380
160 263 68400
160 324 69910
160 339 19870
160 344 92490
160 373 39940
160 380 39400
160 485 46100
161 162 82950
161 216 18720
161 245 86680
161 264 9220
161 277 23660
161 279 98480
161 288 12480
161 317 6690
161 325 65810
161 332 79820
161 344 72830
161 357 3840
161 369 92640
161 461 63670
161 471 87790
162 163 8230
162 178 24440
162 225 24750
162 237 21160
162 244 97570
162 307 45880
162 311 15390
162 320 14060
162 325 51590
162 362 59400
162 367 39340
162 422 94200
162 459 96030
163 164 36990
163 182 10300
163 201 1670
163 242 84040
163 276 95570
163 278 22420
163 301 71420
163 325 17030
163 326 16780
163 390 35340
163 398 64490
163 443 81940
163 444 77250
163 500 47660
164 165 97620
164 210 23020
164 218 75790
164 241 23170
164 242 51790
164 408 74110
164 418 32720
164 460 8530
164 496 22860
165 166 1110
165 169 17380
165 223 15650
165 224 20950
165 235 65630
165 310 53030
165 330 61170
165 375 97650
165 392 31460
165 415 6200
165 423 70890
165 439 75710
165 449 59220
165 452 24490
165 457 56460
165 488 63890
165 495 11390
166 167 94240
166 211 16210
166 246 85870
166 278 76800
166 283 25380
166 322 87180
166 330 47140
166 335 11770
166 359 1590
166 410 75880
166 424 39110
166 474 70750
167 168 65290
167 183 75440
167 200 36910
167 204 43230
167 212 65940
167 226 5410
167 238 74220
167 246 68200
167 273 49460
167 275 1060
167 349 67980
167 393 7430
167 429 60850
167 439 27940
167 469 64690
168 169 54210
168 231 99420
168 256 2260
168 259 85950
168 280 57480
168 294 19160
168 320 29870
168 324 58260
168 337 80470
168 373 36700
168 376 24070
168 379 79770
168 424 46400
168 431 8300
168 433 93880
168 486 910
169 170 53140
169 226 83460
169 286 96890
169 313 35570
169 337 71320
169 404 28210
169 430 94390
170 171 3060
170 226 25410
170 227 16730
170 230 5040
170 241 76500
170 254 86080
170 270 59670
170 279 83650
170 282 28170
170 302 840
170 351 96790
170 366 30710
170 373 93810
170 442 46560
170 457 25730
170 469 36610
171 172 11750
171 182 91030
171 207 13430
171 255 34860
171 286 91950
171 295 74090
171 298 51220
171 299 74670
171 308 60050
171 321 54790
171 389 44880
171 412 23310
171 451 43980
171 457 17350
171 479 59030
171 488 97960
172 173 77780
172 195 78130
172 208 75240
172 266 49030
172 310 5140
172 336 15850
172 367 27950
172 378 31380
172 387 78440
172 409 40180
172 438 86820
173 174 52210
173 198 10320
173 205 12980
173 295 2560
173 306 79340
173 328 78080
173 341 61000
173 349 84750
173 380 91060
173 390 57170
173 415 15080
173 458 100
173 459 76490
173 466 40250
173 478 91010
174 175 75470
174 218 27530
174 237 47420
174 251 86900
174 268 1850
174 340 15260
174 373 50580
174 412 26190
174 424 74490
174 433 88220
174 441 93590
174 486 88980
175 176 98960
175 179 42200
175 193 66830
175 202 68680
175 218 13610
175 219 66260
175 224 38030
175 241 74850
175 290 11510
175 297 92760
175 347 38280
175 366 44040
175 396 58110
175 440 15680
175 464 26720
176 177 26580
176 215 8970
176 217 28470
176 272 99920
176 280 13830
176 285 51800
176 373 62180
176 388 7900
176 399 22080
176 427 29750
176 439 69030
176 455 36260
176 472 71200
177 178 43060
177 182 57180
177 185 93680
177 193 31830
177 224 35430
177 244 47940
177 283 13620
177 324 51620
177 325 97320
177 401 65060
177 460 50770
177 490 22260
178 179 46130
178 206 35610
178 221 87140
178 232 14250
178 245 61550
178 251 19000
178 281 23740
178 298 26970
178 335 2090
178 357 40320
178 362 83170
178 385 24770
178 458 3070
178 475 41450
178 499 25280
179 180 53350
179 219 24450
179 222 72560
179 241 78990
179 361 7770
179 392 23560
179 398 86290
179 415 70770
179 465 38850
179 498 49210
180 181 89210
180 211 13840
180 212 61690
180 220 69780
180 240 70090
180 242 75370
180 261 50060
180 262 31850
180 312 16890
180 344 11630
180 349 30590
180 365 90800
180 392 43920
180 399 43640
180 433 60130
180 462 87990
180 476 4630
180 485 87260
180 492 37810
181 182 39880
181 291 23650
181 331 14640
181 407 69140
181 409 45630
181 460 55640
182 183 74400
182 241 2540
182 248 56980
182 255 85310
182 308 57710
182 348 86730
182 370 60880
182 381 59120
182 433 21440
183 184 92890
183 190 24980
183 200 65150
183 226 110
183 238 18160
183 284 60420
183 321 54960
183 332 12830
183 339 24420
183 343 54080
183 361 20950
183 490 15360
184 185 35140
184 257 9430
184 272 89780
184 277 49010
184 278 45430
184 295 85850
184 306 92550
184 326 45900
184 333 18020
184 353 38830
184 385 15340
184 409 40560
184 429 4490
184 434 4170
184 493 22160
185 186 52780
185 207 170
185 272 56090
185 290 99570
185 296 32880
185 335 87370
185 379 4350
185 405 94650
185 412 94270
185 428 6880
185 429 32240
185 451 47060
185 460 73810
185 476 57820
185 480 39050
186 187 11200
186 194 62670
186 220 73870
186 233 94780
186 257 4570
186 277 67530
186 300 71230
186 328 77740
186 361 83320
186 420 30580
186 465 57180
186 499 87320
187 188 88690
187 193 98210
187 249 31750
187 317 53990
187 319 94150
187 450 5220
187 459 54350
187 460 49080
187 486 61180
188 189 35590
188 217 62780
188 229 10180
188 243 67790
188 288 54330
188 292 89740
188 310 11970
188 324 23300
188 325 10780
188 380 35830
188 442 20310
188 491 91420
188 499 39080
189 190 44450
189 195 52120
189 200 52680
189 201 22380
189 297 98240
189 316 89620
189 351 55800
189 362 3010
189 409 25280
189 444 69500
189 470 69620
189 479 28600
189 490 54130
190 191 26160
190 223 71290
190 351 3530
190 352 68990
190 366 52090
190 391 78100
190 395 80070
190 408 26700
190 440 37640
190 444 40250
191 192 70920
191 245 35750
191 326 98690
191 373 75230
191 395 3640
191 433 64480
191 457 88480
191 472 37480
191 477 73610
191 498 64520
192 193 86660
192 195 68130
192 292 35680
192 312 10360
192 356 16600
192 378 32340
192 391 54150
192 413 4780
192 438 83370
192 476 44730
192 482 30900
193 194 63310
193 211 80270
193 217 75800
193 249 38470
193 261 59630
193 286 49320
193 302 6340
193 310 54270
193 383 23840
193 422 53820
193 432 36870
193 439 1360
193 479 35820
194 195 17390
194 205 65170
194 228 29030
194 232 67420
194 245 70230
194 309 17150
194 310 56220
194 332 96740
194 350 80030
194 423 82050
194 431 98950
194 471 83670
195 196 76890
195 255 49810
195 281 16150
195 283 57090
195 328 46610
195 359 17340
196 197 2430
196 202 61450
196 240 99060
196 246 7960
196 271 90620
196 291 76180
196 299 22750
196 300 42200
196 348 2930
196 349 140
196 361 30620
196 372 45710
196 374 15510
196 401 16030
197 198 58040
197 259 28040
197 302 15680
197 322 7540
197 438 90340
197 491 93930
198 199 90960
198 211 64130
198 220 50470
198 225 72390
198 274 1220
198 281 3390
198 303 98880
198 310 21790
198 349 86470
198 394 64320
198 457 76620
198 461 15650
199 200 77410
199 219 52290
199 229 11430
199 240 71220
199 268 59720
199 275 17610
199 349 23360
199 353 47500
199 369 91270
199 370 87220
199 371 73030
199 437 86130
199 440 74060
199 452 17130
199 479 39290
199 495 36880
199 498 2460
200 201 92620
200 250 8470
200 292 92410
200 326 63240
200 341 1360
200 348 41790
200 351 42150
200 419 68440
200 447 99590
200 469 71520
200 487 60970
200 489 33840
200 491 87360
200 494 53380
201 202 90180
201 233 63770
201 282 64950
201 322 19640
201 324 6010
201 369 77960
201 377 96250
201 418 75450
201 425 62600
201 462 16680
201 479 73960
201 481 90790
202 203 73940
202 254 29900
202 321 52760
202 395 270
202 430 41470
202 442 6670
203 204 81800
203 244 90140
203 281 840
203 306 6680
203 331 1050
203 354 66040
203 415 31700
203 431 73990
203 454 61360
204 205 14480
204 220 63430
204 226 4520
204 244 59770
204 295 87520
204 318 19900
204 330 5080
204 358 7370
204 376 38250
204 385 32530
204 404 27400
204 409 84530
204 424 32680
205 206 72790
205 219 10390
205 240 77740
205 241 6460
205 272 76620
205 295 99600
205 319 13520
205 369 93770
205 385 23830
205 411 86270
205 432 15010
205 439 78090
205 473 67190
205 488 10770
205 489 76390
206 207 54060
206 242 23190
206 335 13150
206 342 92780
206 358 95490
206 382 53780
206 390 44850
206 404 24420
206 438 900
206 447 94630
206 475 14060
206 486 13020
207 208 15990
207 213 71510
207 226 29000
207 276 39450
207 290 48080
207 303 59380
207 312 99080
207 337 41380
207 349 4170
207 379 35450
207 406 17500
207 417 93420
207 427 32970
207 455 17020
207 489 35150
207 492 83230
208 209 55820
208 260 40940
208 284 69750
208 414 70200
208 442 72060
208 449 46510
209 210 8850
209 215 71910
209 238 8540
209 265 89180
209 300 65020
209 417 74660
209 499 48560
210 211 77670
210 219 27880
210 224 19380
210 268 31140
210 364 45550
210 377 65950
210 435 11080
210 463 76900
210 493 14640
211 212 23680
211 245 10310
211 295 31800
211 300 36020
211 362 32260
211 372 14590
211 433 57830
211 434 21640
211 482 57580
212 213 69530
212 282 26940
212 294 23280
212 337 86490
212 443 99270
212 474 26230
212 477 27850
212 498 47350
213 214 5270
213 218 7950
213 254 4260
213 276 21320
213 299 13140
213 329 4040
213 379 73430
213 395 65760
213 404 63070
213 435 44160
213 451 35560
214 215 30110
214 229 15400
214 261 68970
214 267 38250
214 289 21290
214 311 35900
214 328 50700
214 332 90070
214 340 71610
214 371 94310
214 372 3880
214 387 73770
214 392 48660
214 431 31300
214 448 6760
214 469 81870
214 500 9900
215 216 29460
215 229 99860
215 234 64180
215 239 36600
215 276 60440
215 278 23480
215 279 95070
215 311 65970
215 362 7370
215 365 76150
215 422 20920
215 427 1720
215 465 49660
216 217 47220
216 249 53320
216 251 68720
216 336 55660
216 345 42910
216 350 40600
216 364 14210
216 407 51650
216 422 31640
216 423 65220
216 458 45160
216 473 31340
216 481 98410
217 218 39380
217 247 21980
217 260 77210
217 355 83050
217 367 58100
217 378 71160
217 379 81970
217 434 83630
217 444 940
217 457 7890
217 467 94690
217 477 95500
217 500 43660
218 219 73480
218 262 1130
218 285 70480
218 312 53870
218 336 7150
218 344 6950
218 350 72990
218 403 88020
218 435 87300
218 436 40500
218 464 13390
219 220 47940
219 231 50640
219 324 6280
219 344 14870
219 378 68800
219 410 33870
219 421 84000
219 432 8910
219 433 96320
219 486 2840
220 221 88500
220 223 37250
220 274 37060
220 303 74620
220 320 11920
220 339 27940
220 399 42810
220 464 59010
220 479 62830
221 222 49000
221 234 43170
221 246 9670
221 271 98050
221 344 25960
221 385 19390
221 403 48070
221 408 77040
221 419 63840
221 494 13010
222 223 27190
222 272 43640
222 281 81240
222 283 51830
222 376 37230
222 387 81860
222 398 90830
222 401 73120
222 402 16150
222 440 5990
222 443 79030
222 454 17200
222 490 10840
223 224 44040
223 231 87360
223 245 15350
223 269 18470
223 339 11630
223 377 66380
223 386 72680
223 391 88450
223 406 94530
223 450 57560
223 464 43190
224 225 26110
224 261 69860
224 318 45920
224 370 60150
224 377 96170
224 470 23170
225 226 52720
225 281 10410
225 304 29820
225 349 62120
225 374 77440
225 420 12050
225 470 6640
225 476 64430
225 480 30420
225 490 59630
226 227 64910
226 242 11100
226 253 60200
226 278 94370
226 284 1240
226 306 60550
226 309 25100
226 394 25220
226 397 18680
226 399 1970
226 416 82410
226 420 73800
226 422 40920
226 424 54230
226 471 94570
227 228 39430
227 229 29200
227 246 24190
227 251 93120
227 364 43990
227 409 84220
227 436 30280
227 486 73450
228 229 84500
228 251 68270
228 321 57750
228 364 42060
228 415 8430
228 436 19980
228 483 77810
228 489 86010
229 230 13110
229 244 70710
229 251 50150
229 259 77960
229 265 82660
229 277 33560
229 355 81060
229 363 35970
229 376 10700
229 399 24860
229 422 26190
229 426 92930
229 439 36730
229 456 66480
230 231 21630
230 243 64410
230 262 73590
230 280 7250
230 284 28010
230 291 95970
230 314 67720
230 337 76240
230 358 10740
230 390 99440
230 402 65920
230 430 55390
230 436 20360
230 460 69540
230 466 88090
231 232 6690
231 287 30240
231 329 3670
231 368 21430
231 369 46640
231 396 37580
231 428 66430
231 447 570
231 455 63480
231 456 5460
231 466 67550
231 475 24560
232 233 60810
232 244 13830
232 252 4640
232 257 24050
232 271 9760
232 309 38430
232 370 42070
232 380 30030
232 387 21640
232 403 46050
232 424 70310
232 470 40460
232 498 58210
233 234 88960
233 252 24730
233 266 20480
233 321 8390
233 325 48580
233 329 96240
233 401 3160
233 438 9650
233 447 55250
233 496 59810
234 235 37290
234 281 50370
234 289 20540
234 318 29460
234 394 86410
234 396 33080
234 400 62970
234 406 45050
234 421 91040
234 462 61450
235 236 8960
235 280 47950
235 452 64210
235 455 6700
236 237 79660
236 238 26940
236 246 87210
236 284 59550
236 288 49660
236 299 62050
236 384 98300
236 446 14430
236 449 83060
237 238 87470
237 240 51030
237 253 4980
237 270 76940
237 310 39440
237 348 16110
237 358 59890
237 417 50520
237 485 7410
237 488 53350
238 239 18780
238 264 22430
238 347 92830
238 360 60910
238 368 40490
238 390 81910
238 393 53630
238 403 86080
238 433 77920
238 467 90540
238 474 30040
238 476 85770
239 240 1750
239 260 34710
239 300 49140
239 304 8070
239 414 64200
239 498 9480
240 241 2580
240 243 19390
240 248 9030
240 260 42800
240 262 41340
240 311 84050
240 324 83830
240 363 56800
240 411 28180
240 451 24160
240 456 70290
240 467 46190
241 242 25180
241 250 80350
241 279 28750
241 291 62100
241 368 83590
241 395 1280
241 412 15020
241 431 54290
241 434 87120
241 481 42200
242 243 56200
242 273 11410
242 306 63770
242 327 32600
242 345 91430
242 360 99760
242 457 78560
243 244 74700
243 329 63280
243 332 15130
243 372 77910
243 427 19420
243 446 44400
243 490 56000
244 245 46080
244 263 75590
244 297 39060
244 315 90320
244 416 69260
244 482 85940
245 246 15170
245 254 66310
245 266 7440
245 279 10590
245 289 29610
245 319 12220
245 322 81170
245 350 66550
245 398 79660
245 407 91390
245 410 4300
245 431 4090
245 457 32780
245 477 12450
246 247 75140
246 254 39770
246 281 22600
246 291 79990
246 310 45300
246 481 68030
246 491 91350
246 499 11840
247 248 51530
247 263 36870
247 280 17330
247 282 10880
247 289 40170
247 293 440
247 354 67910
247 387 47720
247 390 9870
247 436 84930
247 481 19770
247 489 54130
247 491 440
248 249 13490
248 262 59700
248 313 87570
248 322 38830
248 401 49210
248 425 44960
248 432 50860
248 493 36710
248 499 68640
249 250 7680
249 333 78650
249 417 48030
249 467 36220
249 492 3100
249 495 9560
250 251 74910
250 280 46560
250 299 59750
250 323 82340
250 329 1060
250 345 4970
250 366 99470
250 412 54150
250 447 81180
250 480 53680
251 252 33330
251 278 67790
251 319 45580
251 382 86850
251 410 26070
251 419 22340
251 442 49230
251 458 14320
252 253 31370
252 263 46820
252 284 84330
252 330 61660
252 337 66630
252 360 38920
252 367 58980
252 415 52560
252 420 16260
252 444 86550
252 452 70850
252 493 9460
252 500 93170
253 254 72950
253 286 3670
253 294 87400
253 296 78450
253 411 45320
253 440 65150
253 448 9820
253 456 25120
253 471 69530
253 479 43120
254 255 1480
254 258 410
254 290 35620
254 326 80740
254 391 58510
254 460 26150
254 485 73230
255 256 99180
255 260 6750
255 262 17300
255 360 33000
255 363 86500
255 369 92170
255 379 61970
255 385 19660
255 439 42220
255 487 16110
256 257 73690
256 272 72170
256 294 65810
256 346 8520
256 361 63480
256 392 43730
256 447 37190
256 487 84590
256 496 88750
257 258 36730
257 289 27440
257 298 27830
257 322 42260
257 366 87140
257 374 95020
257 388 11560
257 416 97770
257 433 98400
257 481 29570
257 489 96510
258 259 19550
258 325 82640
258 425 22910
258 428 22320
258 442 67860
258 497 44480
258 498 41320
259 260 85680
259 268 91450
259 279 11570
259 354 31790
259 358 59230
259 381 17890
259 408 44420
259 417 12170
259 450 27880
260 261 14310
260 264 33810
260 265 730
260 410 3290
260 431 1130
260 444 85680
260 478 24530
260 479 95600
261 262 51250
261 264 66350
261 292 99840
261 312 72840
261 344 97120
261 348 84900
261 366 2650
261 376 64570
261 404 89430
261 444 57090
261 449 94080
261 460 67180
261 464 31000
261 475 3330
262 263 11310
262 297 48670
262 319 95350
262 348 89620
262 364 44220
262 381 22840
262 413 7860
262 433 90790
262 445 8140
262 496 8950
262 499 35500
263 264 42290
263 273 79970
263 278 78410
263 324 72840
263 348 17860
263 373 20480
263 460 45280
263 482 96980
263 500 77370
264 265 92190
264 291 52460
264 309 33020
264 348 23750
264 360 380
264 367 690
264 377 85080
264 465 15050
264 467 57840
264 483 80370
265 266 97390
265 275 19370
265 311 36010
265 337 11670
265 348 16760
265 363 26850
265 367 49190
265 424 82800
265 425 54720
265 426 37830
265 476 81840
266 267 81480
266 270 60040
266 287 40080
266 291 54820
266 292 85070
266 361 42760
266 377 81990
266 409 94080
266 411 77810
266 426 12990
266 428 59720
266 429 47330
266 444 48350
266 465 45910
266 466 2240
266 495 18130
267 268 55580
267 311 85160
267 336 66760
267 380 83130
267 459 50420
267 470 97830
268 269 19390
268 354 81320
268 377 35150
268 460 99600
269 270 22390
269 312 47910
269 318 36310
269 322 33120
269 394 83910
269 435 59850
269 451 54630
269 482 42730
270 271 14410
270 370 38290
270 371 12810
270 384 25090
270 451 73640
270 460 53710
270 480 78940
270 498 81590
271 272 20850
271 287 83230
271 387 49200
271 388 1350
271 406 24250
271 441 59850
272 273 56100
272 287 25440
272 298 25750
272 300 120
272 349 87910
272 410 5690
272 418 47730
272 434 89170
272 439 46200
272 445 67870
272 461 15450
272 497 1780
273 274 46110
273 300 11340
273 333 70910
273 346 36070
273 399 29160
273 415 43030
273 464 55780
273 481 70090
274 275 77300
274 312 49500
274 414 73590
274 418 37310
274 436 43350
274 472 69860
275 276 95450
275 300 57960
275 326 62080
275 343 51090
275 367 29280
275 389 36140
275 427 30330
275 429 23690
275 438 5180
275 449 11370
275 450 34180
275 466 35950
275 480 17030
276 277 8470
276 280 52280
276 307 69260
276 317 3030
276 328 51980
276 330 18660
276 331 15810
276 349 77270
276 361 27110
276 378 30320
276 473 56720
277 278 91970
277 284 39790
277 286 7530
277 290 39680
277 303 84690
277 314 64320
277 330 12460
277 346 14110
277 383 66010
277 447 9350
277 457 53000
278 279 51360
278 290 21120
278 297 25050
278 309 49040
278 327 64660
278 335 76450
278 382 54590
278 401 59400
278 415 59680
278 425 75750
278 434 44520
278 489 39810
279 280 96050
279 327 21380
279 342 44940
279 361 79630
279 367 99010
279 411 70670
279 434 91900
279 469 51710
279 481 31940
280 281 14610
280 282 16180
280 296 4480
280 326 50790
280 402 54660
280 424 28010
281 282 51970
281 303 10070
281 309 7250
281 356 55450
281 366 81710
281 432 17630
281 474 15560
281 493 82700
281 498 44520
282 283 84380
282 286 63750
282 330 33960
282 340 7740
282 346 25170
282 350 91600
282 372 20040
282 451 44430
282 453 41330
282 482 22130
283 284 32100
283 363 38190
283 391 1900
283 397 40930
283 399 84900
283 438 13270
283 443 2420
283 482 68080
283 497 20230
284 285 9990
284 432 42500
284 472 4390
285 286 92670
285 329 99780
285 339 29090
285 342 80210
285 348 17870
285 352 63050
285 365 19600
285 372 32490
285 430 36550
285 448 94340
285 467 85000
286 287 42100
286 289 36060
286 304 33500
286 343 8700
286 360 81970
286 434 16390
286 488 89670
286 495 74630
287 288 90600
287 317 35610
287 334 78400
287 336 39610
287 397 58700
287 404 71460
287 406 55200
287 408 15350
287 445 15870
287 451 52740
287 454 6250
288 289 31520
288 322 38180
288 393 73280
288 423 82680
288 445 61690
289 290 44950
289 297 54700
289 352 35850
289 363 9740
289 394 89050
289 395 68060
289 417 3850
289 422 53750
289 441 92880
289 445 94480
289 489 1790
290 291 17830
290 360 39650
290 400 36320
291 292 58220
291 315 88410
291 324 24840
291 328 30420
291 333 33540
291 354 96530
291 374 90930
291 397 59510
291 400 25350
291 405 12160
291 444 74010
291 463 73710
292 293 31110
292 334 38900
292 346 91450
292 380 95950
292 403 1370
292 423 16010
292 453 48590
292 468 2280
292 470 49320
292 489 88760
292 492 24080
293 294 38610
293 295 11470
293 341 96570
293 381 79580
293 393 31090
293 394 70150
293 416 76940
293 469 34320
293 483 17910
293 484 18870
294 295 37390
294 305 60760
294 308 21030
294 326 80370
294 393 54330
294 444 95950
294 455 64540
294 478 11820
295 296 34380
295 373 18380
295 380 64870
295 382 73900
295 431 93190
296 297 95320
296 317 65080
296 324 49370
296 327 89260
296 341 41510
296 347 60770
296 417 39430
296 422 77340
296 454 13130
296 463 98230
296 472 83380
297 298 17740
297 311 26410
297 328 55640
297 334 46460
297 336 57070
297 359 84260
297 374 21050
297 382 33980
297 387 44200
297 393 84030
297 459 57080
297 460 17240
297 464 90700
297 471 22640
297 474 6560
298 299 31690
298 342 23760
298 362 35560
298 365 29120
298 434 8840
298 464 5830
298 481 65480
299 300 25180
299 350 14120
299 353 4730
299 362 12810
299 431 77000
299 440 65020
300 301 87090
300 308 83200
300 315 90150
300 441 7280
300 469 88390
300 479 670
300 493 76230
301 302 22210
301 411 98240
301 474 52310
301 475 32730
302 303 41710
302 307 20090
302 341 7220
302 381 6010
302 397 30690
302 421 83930
302 457 80620
302 485 25020
302 492 29600
303 304 73170
303 406 2400
303 422 42300
303 428 35110
303 443 68570
303 462 28020
303 465 70980
303 471 5080
303 484 52390
304 305 56000
304 331 78530
304 346 66950
304 365 7320
304 368 50430
304 371 97520
304 374 8400
304 378 59960
304 380 31510
304 411 62190
304 479 4270
305 306 94550
305 322 29030
305 329 64960
305 355 62560
305 405 42510
305 407 8200
305 427 82340
305 434 18820
305 488 51840
305 495 90950
306 307 93760
306 310 26560
306 331 25920
306 332 89140
306 356 70480
306 401 940
306 422 67650
306 452 13150
306 457 31930
306 463 26280
306 480 80900
306 483 73320
307 308 72410
307 333 9930
307 363 24930
307 386 5860
307 411 67430
307 463 33530
308 309 49690
308 335 11540
308 342 20040
308 390 85230
308 411 71770
308 422 23960
308 433 93920
308 466 55110
308 490 35240
308 499 86740
309 310 71130
309 316 11980
309 322 24110
309 395 18390
309 482 5040
309 484 11430
310 311 62660
310 323 13250
310 386 63280
310 389 62710
310 392 26140
310 398 10170
310 415 18880
310 428 79170
310 448 9350
310 472 26700
311 312 48110
311 321 3620
311 371 88390
312 313 45530
312 340 9810
312 372 94680
312 392 13990
312 398 20070
312 490 10450
313 314 17560
313 353 750
313 358 71550
313 378 79350
313 403 10560
313 430 55820
313 468 84480
313 469 48530
313 471 88130
313 499 52990
314 315 28050
314 318 820
314 325 42570
314 338 12570
314 383 5590
314 398 31930
314 405 65260
314 424 36640
314 428 70980
314 472 6090
314 497 50710
314 500 2000
315 316 34050
315 321 29710
315 371 65130
315 389 55860
315 450 72830
316 317 41720
316 328 65150
316 343 70140
316 347 93040
316 349 71640
316 373 4730
316 401 42000
316 422 5920
316 445 4510
316 464 21660
316 479 94090
316 481 33080
317 318 42650
317 456 2660
318 319 59940
318 340 77210
318 374 35520
318 380 46240
318 386 59520
318 422 95940
318 439 10420
318 462 70980
319 320 60460
319 428 44760
319 434 40600
319 449 21610
319 452 81870
319 480 77060
320 321 96290
320 340 14170
320 358 18800
320 376 61060
320 394 86350
320 429 72280
320 468 74910
321 322 97350
321 361 27640
321 374 8490
321 383 75030
321 389 58940
321 396 91350
321 414 68990
321 427 44420
321 436 84400
321 440 26130
321 474 10100
322 323 27770
322 370 26460
322 373 52080
322 418 37860
322 459 86590
323 324 4490
323 326 3730
323 339 9410
323 346 890
323 379 90820
323 389 12800
323 439 95440
323 472 99420
324 325 6540
324 345 67120
324 357 2940
324 401 92070
324 418 46310
324 434 87540
325 326 67270
325 338 27100
325 350 36640
325 411 50170
325 421 26750
325 434 26040
325 439 39790
325 457 56960
326 327 62040
326 345 41210
326 371 30160
327 328 12300
327 345 91420
327 353 37460
327 373 82570
327 386 15960
327 402 13470
327 453 76660
327 460 59820
327 463 15060
327 485 71060
327 498 60200
328 329 69930
328 345 92020
328 364 77060
328 391 9200
328 414 32910
328 439 89010
329 330 54530
329 343 29460
329 374 72030
329 375 19380
329 391 83960
329 396 40000
329 428 93710
329 436 19370
329 470 12950
330 331 16170
330 471 1470
330 474 93120
330 483 56810
330 484 52560
330 500 71460
331 332 44720
331 344 20600
331 403 68160
331 429 16310
331 444 22980
331 452 20280
331 459 16720
332 333 49940
332 377 8820
332 412 37520
332 425 77090
332 430 13940
332 453 84100
333 334 99680
333 351 60770
333 355 19160
333 407 91760
333 421 57960
333 432 25900
333 439 5030
333 448 50900
334 335 57330
334 341 11730
334 375 60660
335 336 56090
335 345 52090
335 430 55700
335 459 4890
336 337 54100
336 344 20340
336 407 79090
336 409 2300
336 445 25460
336 448 70060
336 455 12630
336 481 77670
337 338 37810
337 352 42740
337 428 87740
338 339 89430
338 348 42760
338 412 28710
338 425 20890
338 442 78450
338 463 62790
339 340 74960
339 358 26380
339 375 48120
339 404 41150
339 414 78160
339 428 24230
339 429 42690
339 451 81630
339 456 73740
339 475 59230
340 341 59950
340 359 70760
340 414 50810
340 489 25600
341 342 6820
341 345 65770
341 351 26710
341 372 26720
341 374 22180
341 392 2900
341 418 65020
341 468 77240
341 487 57050
341 498 53720
342 343 6360
342 352 20820
342 357 96070
342 392 94840
342 407 44120
342 416 94550
342 421 18000
342 432 41180
342 448 3720
342 449 27470
342 457 60730
342 473 84950
342 474 93940
342 496 38470
343 344 52260
343 346 23190
343 377 180
343 447 82380
344 345 96490
344 371 3270
344 428 33380
344 483 3480
344 491 7390
345 346 96380
345 378 86750
345 432 2510
345 451 86830
345 455 7290
345 462 77570
345 468 41090
345 475 88430
346 347 63550
346 367 43410
346 393 95910
346 483 69490
346 496 10540
347 348 15780
347 361 28620
347 377 39250
347 381 48200
347 408 54430
347 422 40330
347 431 96790
347 438 73270
347 483 43470
348 349 48760
348 352 93750
348 360 31360
348 371 83920
348 394 54700
348 403 91460
348 428 64660
348 444 48420
348 458 83430
349 350 74070
349 418 2570
349 424 30660
349 430 47540
349 440 53090
349 453 10410
349 471 42420
350 351 3050
350 368 6420
350 375 57930
350 385 70460
350 397 96380
350 481 97710
351 352 14150
351 387 99440
351 392 40680
351 405 56370
351 484 95190
351 496 60630
352 353 9990
352 434 65710
352 436 43630
352 448 16620
352 500 6810
353 354 65480
353 361 11160
353 375 13260
353 378 40610
353 415 10680
353 444 3190
353 460 84730
353 462 15610
353 472 39220
354 355 63730
354 376 82240
354 386 25980
354 390 42260
354 424 81000
354 443 73680
354 461 47400
354 469 25210
355 356 2180
355 392 55330
355 429 13140
355 456 31450
355 458 55330
356 357 32550
356 385 81770
356 406 51010
356 411 50460
356 429 65190
356 430 98280
356 453 68390
356 460 49750
356 472 9470
357 358 89440
357 425 2600
357 432 71020
357 439 92290
357 455 26020
357 460 50740
357 464 16280
358 359 90630
358 417 57350
358 446 40070
358 449 97460
358 456 78730
358 488 6580
358 496 72130
359 360 11060
359 399 17740
359 402 28170
359 412 63800
359 413 26250
359 441 26820
359 460 21110
359 484 28760
360 361 64390
360 384 95770
361 362 26770
361 363 4410
361 410 52910
361 438 33430
361 482 11860
361 489 73580
361 495 53260
362 363 6130
362 378 99570
362 426 62020
362 432 50080
362 438 77010
362 451 39790
362 458 78680
362 474 2250
363 364 34130
363 371 6750
363 398 36880
363 424 94880
363 491 2450
364 365 58500
364 367 81100
364 392 53000
364 395 73110
364 416 26620
364 425 94810
364 447 64840
364 455 1020
365 366 89310
365 373 60670
365 381 58660
365 384 56950
365 389 39710
365 413 43560
365 429 14880
365 437 14070
365 465 48170
365 488 43800
366 367 35270
366 462 49490
366 475 51980
366 498 72160
367 368 21170
367 382 36390
367 391 15150
367 407 48750
367 410 81630
367 413 86390
368 369 1320
368 381 71460
368 425 32110
368 464 56550
369 370 72620
369 404 62590
369 421 37550
369 443 54700
369 458 16250
369 473 75380
369 491 69070
370 371 61030
370 389 7790
370 413 19570
370 435 12070
370 439 85060
370 480 19540
370 490 14840
370 494 93340
371 372 80290
371 376 40300
371 398 80550
371 447 64610
371 467 11930
371 484 85920
371 487 38090
372 373 25710
372 390 58700
372 464 85660
372 476 85030
372 499 33830
373 374 53890
373 413 18440
373 436 48600
373 481 50
374 375 20040
374 415 58660
374 430 59270
374 468 89690
374 474 12610
374 482 70390
375 376 27770
375 426 68180
375 443 35120
376 377 56220
376 427 46530
376 486 32150
376 492 87290
377 378 14490
377 448 6520
377 488 1190
377 500 98890
378 379 1360
378 394 96640
378 431 7160
378 438 58360
378 459 32700
379 380 51650
379 409 83740
379 410 78530
379 411 60300
379 436 42460
379 467 97680
380 381 57200
380 404 87830
380 431 5610
380 452 530
380 456 69110
380 458 31770
380 494 84630
381 382 23910
381 386 8200
381 414 60220
381 424 61950
381 443 27220
381 468 10480
381 473 15670
381 491 51540
382 383 46800
382 410 39170
382 432 28330
382 449 52790
382 467 98350
382 472 59240
383 384 98210
383 411 23460
383 422 32190
383 448 52250
383 457 47650
383 462 9700
383 465 18310
383 482 54440
383 496 78520
384 385 80210
384 481 15380
384 498 5310
385 386 38260
385 393 82920
385 425 51860
385 427 60680
385 433 44590
385 448 13160
385 467 19400
385 480 46490
385 482 72510
386 387 5070
386 429 21120
386 455 22740
387 388 79830
387 393 56710
387 397 94620
387 402 65110
387 434 63850
388 389 33870
388 398 53610
388 450 75440
388 456 13870
388 469 2720
388 470 7390
388 471 62780
388 478 20380
389 390 40120
389 392 26600
389 403 59440
389 423 87870
389 424 1450
389 441 46350
389 462 72000
390 391 79320
390 442 3360
390 473 57050
391 392 21960
391 395 63600
391 399 80490
391 403 89050
391 409 91330
391 471 33060
392 393 91940
392 442 16870
393 394 15660
393 438 43380
393 439 51380
393 474 48500
394 395 82150
394 427 14130
395 396 92090
395 397 57720
395 401 41770
395 438 90700
395 453 4510
396 397 64880
396 408 69230
396 409 58420
396 438 26320
396 452 5230
396 471 18620
397 398 23970
397 412 18520
397 468 18530
398 399 39230
398 433 59150
398 469 38180
399 400 18340
399 428 84280
399 441 90420
399 468 77660
399 474 70540
400 401 7190
400 404 32450
400 431 98900
400 472 15670
400 484 62490
400 492 72460
401 402 96160
401 486 62310
401 488 23940
401 494 73620
401 497 66780
402 403 3370
402 405 66650
402 412 3080
402 423 2050
402 430 94800
402 435 93590
402 439 65780
402 473 83760
403 404 26570
403 424 68430
403 459 98700
403 476 33080
404 405 62400
404 457 77270
404 460 72900
405 406 1210
405 424 8930
405 451 4720
405 454 10050
405 458 63690
405 476 35670
405 478 17470
405 497 25730
406 407 37180
407 408 89740
407 416 45630
407 424 75060
408 409 34250
408 438 89880
408 471 3400
409 410 31440
409 430 19940
409 451 43200
409 458 36270
409 477 9340
410 411 10350
410 414 97680
410 428 23200
410 440 16670
410 484 93230
411 412 3440
411 437 77210
411 439 27470
411 467 37650
412 413 61760
412 461 54570
412 476 98710
413 414 10490
413 425 18720
413 431 89330
413 432 96920
413 445 25440
413 459 56360
413 465 57690
413 470 9270
413 481 21910
413 485 84360
413 488 53130
414 415 34940
414 441 1580
414 456 54870
414 483 38090
414 494 5620
414 497 68100
415 416 98060
415 419 22180
415 488 17720
416 417 90390
416 420 67680
417 418 95190
417 420 1300
417 429 76040
417 448 17230
418 419 29310
418 473 50640
418 482 27580
418 495 23280
419 420 80490
419 436 10570
419 448 90530
419 451 13320
419 472 81180
420 421 84010
420 460 23450
420 470 77660
420 481 33690
420 492 32170
421 422 46550
421 428 72730
421 472 73070
421 497 66590
422 423 15270
422 457 90650
422 481 44900
423 424 92070
423 443 9130
424 425 59550
424 468 67470
425 426 57690
425 476 57600
425 482 25140
426 427 46070
426 465 4980
426 471 37150
426 475 15390
426 497 65700
427 428 75500
427 446 94400
427 488 21450
428 429 33520
428 468 10740
428 492 19210
429 430 90140
429 462 89510
429 464 25140
430 431 83200
430 448 86710
430 465 22190
430 467 23850
430 477 79190
431 432 84480
431 482 66560
432 433 78270
433 434 84700
434 435 8160
434 436 39590
434 477 93540
434 494 50720
435 436 2620
435 444 71760
436 437 47950
437 438 37960
437 447 3000
437 450 79180
437 455 84070
437 469 50420
437 485 7360
438 439 9270
438 453 88500
438 458 13550
439 440 90040
439 473 32480
439 483 85530
439 485 85710
439 496 39160
439 500 62540
440 441 56240
441 442 60650
441 447 13180
441 450 76140
442 443 90120
442 445 35730
442 458 6970
442 490 88070
443 444 5080
443 454 71340
443 464 32300
443 499 25700
444 445 25390
444 455 9890
444 475 63620
444 489 86980
445 446 31820
445 453 62220
445 462 10710
446 447 31850
446 482 43920
446 492 26800
447 448 59530
447 452 67660
447 488 26170
447 500 41500
448 449 28790
448 454 20830
449 450 35370
449 460 89960
449 462 13920
449 471 50410
449 499 50200
450 451 5500
450 475 72240
451 452 74290
451 455 38930
451 495 67290
452 453 77620
452 467 29090
452 469 60350
453 454 29370
453 457 47320
453 481 46550
453 495 43220
454 455 9160
454 458 69390
455 456 75980
456 457 21680
456 469 24530
456 474 6960
457 458 71300
457 469 58990
457 493 3690
458 459 64410
458 494 2030
458 499 98670
459 460 76750
459 478 7600
460 461 60630
460 492 20690
461 462 27450
461 478 50000
462 463 48070
462 474 37620
463 464 94400
463 480 6630
464 465 14380
464 467 1540
465 466 59590
465 479 31360
466 467 28330
467 468 59070
467 469 78270
468 469 29590
468 498 94720
469 470 20440
469 473 2530
469 477 11880
469 483 94080
469 485 5580
470 471 66710
470 481 99030
471 472 81610
471 490 75060
472 473 82930
473 474 53360
474 475 87970
474 483 89560
474 491 15820
475 476 62130
475 484 88260
475 492 67850
475 499 74180
476 477 48020
476 484 17020
476 497 68460
477 478 83050
477 493 17180
478 479 77900
479 480 25140
479 485 70000
479 492 5010
479 493 47020
480 481 29940
480 493 95850
481 482 86030
481 487 42680
481 493 47250
482 483 48210
482 485 30590
483 484 43560
484 485 41160
485 486 240
486 487 90040
487 488 67630
488 489 32380
489 490 86490
490 491 91350
490 500 84040
491 492 96070
492 493 63590
492 496 80360
493 494 37200
494 495 9280
495 496 86170
496 497 2950
496 499 65340
496 500 49050
497 498 87280
498 499 9160
499 500 52260
1 500
