30
0 0 0 0 1 1 0 1 1 1 1 1 1 1 1 1 1 1 0 1 0 1 1 1 0 1 1 0 1 1 
0 0 0 1 0 1 0 0 1 0 0 1 0 0 0 0 0 0 1 1 1 0 0 1 0 0 0 0 0 0 
1 0 0 1 0 0 0 0 0 0 0 0 0 1 0 1 0 1 0 1 0 0 1 0 0 0 1 1 0 0 
0 1 1 0 1 0 0 0 1 1 1 1 0 0 1 0 0 0 1 1 0 0 0 0 1 1 1 1 1 0 
0 0 0 1 1 0 0 1 1 1 0 1 1 0 0 0 0 0 0 0 1 1 1 1 1 1 1 0 1 1 
0 0 0 0 1 0 0 0 0 0 0 0 1 1 1 1 1 1 1 1 1 0 1 0 0 0 0 1 1 1 
0 1 0 1 0 0 0 0 0 0 0 0 1 1 0 1 1 0 1 1 1 0 0 0 0 1 0 1 1 1 
0 1 0 1 0 0 0 0 0 0 0 0 1 1 0 1 0 0 1 1 1 1 0 1 1 1 0 0 1 0 
1 1 1 0 0 0 1 0 0 0 0 0 0 0 1 0 0 0 1 0 1 0 1 1 0 1 1 1 1 0 
1 0 0 0 0 1 1 0 0 1 0 0 0 0 0 0 0 1 1 0 1 1 1 0 1 0 0 1 0 0 
1 1 1 1 0 0 0 0 0 1 0 0 1 0 0 0 1 1 0 1 1 1 0 1 0 1 1 0 0 0 
1 0 1 1 0 1 0 0 0 1 0 0 1 1 0 0 0 0 1 0 0 0 1 0 1 0 1 1 0 0 
0 1 1 1 0 1 0 0 0 1 0 0 0 0 1 0 1 1 1 0 1 1 1 0 1 1 1 0 1 0 
0 0 1 1 0 1 1 0 0 0 0 0 0 1 1 1 1 0 1 0 0 0 1 1 1 1 0 0 0 1 
0 1 1 1 1 1 1 0 0 0 0 0 0 0 0 1 0 0 0 1 1 0 1 1 1 0 1 1 0 1 
0 1 0 1 0 1 0 0 0 0 0 0 0 0 0 0 1 0 0 0 0 0 1 0 0 0 0 0 0 1 
1 1 1 1 0 1 0 0 1 0 0 0 0 0 0 0 0 1 1 1 1 1 0 0 1 1 0 1 0 0 
0 1 0 1 1 1 0 0 1 0 0 0 0 0 1 0 0 1 1 1 0 0 1 0 1 0 1 1 1 1 
1 1 1 0 1 0 1 0 0 0 0 0 0 1 0 0 0 0 0 1 0 1 1 0 0 1 1 1 1 1 
1 0 0 1 0 0 0 1 0 0 0 0 0 0 1 0 0 0 0 0 1 1 0 1 1 1 1 1 1 1 
0 1 0 0 1 0 1 0 0 0 1 0 1 0 1 0 0 0 0 0 0 1 0 1 1 1 0 1 1 1 
0 1 1 0 1 1 0 1 0 0 1 0 0 1 1 1 0 0 0 0 1 0 0 0 0 1 1 0 1 1 
0 1 0 1 0 0 0 0 0 0 1 1 0 0 0 1 0 0 0 0 0 0 0 0 0 0 1 1 1 1 
0 1 0 0 1 1 1 0 0 1 1 0 1 0 1 0 0 0 0 0 0 0 0 0 0 0 0 0 0 1 
1 0 0 0 1 0 0 1 1 1 0 1 0 0 0 0 0 0 0 0 0 0 0 0 0 0 0 0 0 0 
0 1 1 1 0 0 0 0 0 1 0 0 1 0 1 1 1 1 0 1 0 0 0 1 1 1 1 0 0 0 
1 1 0 0 0 1 1 0 0 0 0 1 0 0 1 1 0 1 1 0 0 1 0 0 1 0 0 0 0 1 
1 0 1 1 0 0 1 0 1 0 1 1 0 1 0 1 0 0 0 0 0 0 1 0 0 1 0 0 0 1 
1 1 0 1 1 0 0 1 1 1 0 0 1 0 1 1 0 0 0 1 1 0 1 1 0 0 0 1 0 1 
0 1 0 1 1 1 1 1 0 1 1 1 0 0 0 0 0 1 1 1 1 1 0 1 1 1 1 0 0 0 
7 7
10 10
25 24