100
0 0 0 1 0 0 1 1 0 0 1 1 0 0 1 0 0 0 1 1 1 0 0 0 1 0 1 0 0 0 1 1 1 1 1 1 1 0 1 1 0 1 0 1 1 0 0 1 0 1 0 0 0 0 0 0 1 1 0 1 1 0 1 1 1 1 0 1 1 0 1 1 1 0 0 1 1 1 1 1 1 0 0 0 0 0 1 1 1 0 0 0 0 1 0 0 1 0 1 0 
0 0 0 0 0 0 0 1 1 1 1 0 1 0 1 0 1 0 0 1 0 1 1 1 1 0 1 1 1 1 1 0 0 1 0 0 1 1 0 1 0 0 1 1 0 1 1 1 1 1 0 0 1 0 1 0 1 0 1 0 0 0 1 0 1 1 0 0 1 1 1 1 0 1 1 0 1 1 0 1 1 1 1 1 0 0 1 1 0 0 1 1 0 1 0 1 1 0 1 0 
0 1 0 1 1 0 0 0 0 1 1 1 0 0 0 1 0 1 1 0 0 0 0 1 0 1 1 1 1 1 0 1 1 1 1 1 1 1 0 0 0 0 0 0 0 1 1 1 1 1 0 1 1 1 0 1 0 1 1 1 1 0 0 0 0 1 1 1 0 0 1 0 0 1 0 0 0 0 1 1 1 0 1 0 1 1 0 0 1 1 1 0 1 1 0 1 1 0 0 1 
1 0 0 1 0 0 1 1 0 0 0 0 0 1 1 1 1 0 0 1 1 1 0 0 1 1 1 1 0 0 1 1 1 0 0 0 0 1 1 0 0 1 1 0 0 1 1 0 1 1 1 0 1 1 1 1 1 0 1 1 1 0 0 1 0 0 1 1 1 0 1 0 0 1 1 1 1 0 0 0 1 0 1 1 1 0 0 0 1 0 1 1 0 0 0 1 1 0 1 1 
0 1 0 0 0 1 1 1 0 0 0 0 0 1 1 1 0 1 0 0 1 0 0 0 1 0 0 0 0 0 1 1 1 1 0 0 0 1 0 1 1 1 0 1 0 0 0 1 0 1 0 0 1 1 1 1 1 1 1 1 1 1 1 1 1 0 1 0 1 0 0 1 1 0 0 1 0 0 1 0 0 1 1 0 0 1 0 0 0 1 0 1 0 1 0 0 0 0 0 0 
1 0 0 1 1 0 0 0 1 0 1 0 0 1 0 0 0 0 1 1 0 0 0 0 1 0 1 0 0 1 1 1 0 1 0 0 1 0 1 1 1 0 0 1 0 1 0 0 0 0 0 1 1 1 1 0 0 1 1 0 1 0 1 1 0 0 0 1 1 1 0 1 1 0 1 1 0 1 0 0 1 1 1 1 1 1 0 0 0 1 1 1 1 1 1 0 0 1 1 0 
1 0 0 1 1 0 0 0 0 1 0 0 0 1 1 0 0 1 1 1 1 0 0 1 0 0 0 1 1 0 0 0 1 0 0 1 0 1 1 0 0 0 1 0 0 0 0 1 0 0 0 1 0 0 1 1 0 0 1 0 0 1 0 0 0 0 0 1 0 0 1 0 0 1 1 0 1 0 1 0 0 1 0 1 0 0 1 1 1 0 1 0 0 1 0 0 1 1 1 1 
1 1 1 1 1 1 1 0 0 1 1 1 0 1 0 0 1 0 0 0 0 0 1 0 1 1 0 0 0 1 1 1 1 0 1 0 1 0 1 1 0 1 1 1 1 1 1 0 1 0 1 1 1 0 1 0 0 1 0 1 0 0 1 1 0 1 1 1 0 0 1 0 1 1 0 1 0 0 0 0 0 0 1 1 0 1 0 1 1 1 0 0 1 1 1 1 0 1 0 1 
0 0 1 0 0 0 1 1 1 0 1 1 0 1 1 0 1 1 0 0 0 0 1 0 1 0 1 1 1 0 0 0 1 1 0 1 1 0 1 0 0 1 1 1 0 0 0 0 0 0 1 0 1 0 1 0 0 1 1 1 0 0 0 1 1 0 0 1 0 1 0 1 1 1 1 1 0 1 1 0 1 0 0 1 0 1 0 0 0 1 0 0 1 0 0 1 0 1 1 1 
1 0 1 0 0 1 0 1 0 0 1 1 0 0 0 1 1 0 0 0 0 0 0 1 0 0 0 0 0 0 1 0 1 1 0 0 0 0 1 0 0 1 0 0 0 1 1 1 0 1 0 1 0 0 1 1 1 1 1 1 0 1 1 1 0 0 0 1 1 0 1 1 0 1 1 1 1 1 1 0 0 0 0 0 1 0 0 0 0 0 0 0 0 0 0 0 1 1 1 0 
0 1 1 0 0 0 1 1 0 0 1 1 1 0 1 1 0 1 1 0 1 0 1 0 1 1 1 1 0 1 1 0 1 1 0 0 0 0 1 1 1 0 1 0 0 0 1 1 1 1 1 0 0 1 0 0 0 0 1 0 0 1 0 1 1 0 1 0 0 0 0 1 1 0 0 1 0 1 1 1 0 0 1 1 1 1 0 0 1 0 0 0 1 1 1 0 0 1 0 0 
0 1 1 1 1 1 1 0 1 1 0 1 1 0 1 0 0 0 1 1 0 0 0 0 1 1 0 0 1 1 0 0 1 1 1 0 1 1 1 1 1 0 1 0 0 1 1 1 0 1 0 0 0 0 0 1 1 1 1 1 0 0 0 0 1 0 1 1 0 0 1 0 1 0 1 1 0 0 0 0 1 1 0 1 0 0 0 0 0 0 0 1 0 0 1 0 1 1 0 0 
0 0 0 0 0 1 1 0 0 0 0 1 1 1 0 1 0 1 1 1 0 0 0 0 1 0 0 0 0 0 0 0 1 0 1 0 0 0 0 0 0 1 0 0 0 1 1 0 1 1 0 0 0 1 0 1 0 0 0 0 1 1 0 0 0 0 0 1 0 1 0 0 1 1 1 1 0 0 1 1 1 0 0 1 0 1 1 0 1 0 0 0 1 0 1 1 1 0 0 1 
0 0 0 0 1 1 0 0 1 0 1 1 0 1 0 0 0 0 0 1 0 1 0 0 0 0 0 1 0 1 0 1 0 1 0 0 0 1 0 1 1 1 1 0 0 0 1 0 0 1 1 1 1 1 1 1 1 0 0 0 1 1 1 1 0 1 0 1 0 1 0 0 1 0 0 1 1 1 0 0 0 1 0 1 0 1 0 0 1 0 0 0 0 1 0 0 0 1 1 0 
1 0 1 0 1 1 0 1 1 1 1 0 0 1 0 1 0 1 0 0 0 0 1 1 0 1 0 1 0 1 0 0 0 0 0 0 1 0 0 0 1 0 1 0 0 1 1 1 0 1 1 1 1 0 1 1 1 1 0 0 0 1 1 1 1 0 1 1 1 1 1 0 1 1 1 0 0 1 0 0 0 0 1 0 0 1 1 1 0 0 1 0 1 1 0 1 1 0 1 1 
1 1 0 1 0 0 0 1 1 0 0 1 1 0 0 1 1 1 0 0 1 0 0 1 1 0 0 0 1 0 1 0 1 1 0 1 1 1 1 1 1 0 0 1 1 0 0 1 0 0 1 1 1 0 1 0 1 0 1 0 1 1 0 1 1 1 1 0 0 1 1 0 1 1 1 1 0 0 0 1 0 1 1 0 0 0 1 0 0 1 0 1 1 1 1 1 1 1 0 0 
1 0 1 1 0 0 1 1 0 0 0 1 1 1 1 1 0 0 1 1 0 0 0 1 1 0 1 1 0 1 1 1 0 1 1 1 0 1 1 1 1 1 1 0 0 0 0 1 1 1 0 0 1 1 0 0 1 1 1 1 0 0 0 1 1 0 0 0 1 0 1 0 1 1 0 0 0 0 1 1 0 1 1 0 0 1 1 0 0 0 0 1 0 1 0 0 1 1 0 1 
0 0 0 1 1 0 0 0 1 0 1 0 1 0 1 1 0 1 0 0 1 1 1 1 1 0 0 0 1 1 1 1 0 0 0 1 1 0 0 1 1 0 0 0 1 1 1 0 1 0 0 1 0 1 0 1 1 1 0 1 1 0 0 0 1 0 0 0 0 0 1 1 0 0 1 1 1 1 1 0 0 0 1 0 0 0 0 1 0 0 0 0 0 0 0 0 0 0 1 0 
1 1 0 1 0 0 1 1 1 1 0 1 1 1 0 1 1 1 0 1 1 0 1 0 0 0 1 0 1 0 1 1 0 1 1 0 0 1 1 0 1 0 1 1 0 1 0 1 1 0 1 1 1 1 1 0 1 0 1 1 0 1 0 1 1 0 1 0 1 0 0 0 1 1 1 1 1 0 0 0 0 1 0 1 0 1 1 0 1 0 1 0 1 1 1 0 0 0 0 1 
1 1 1 1 1 1 1 0 0 0 1 0 0 1 1 0 1 1 1 0 1 1 1 0 0 0 0 0 1 0 0 0 1 0 1 1 0 1 0 1 1 1 0 1 0 0 1 1 0 1 1 1 1 1 0 1 1 1 0 1 1 1 0 1 1 1 0 0 1 0 1 0 0 0 0 0 0 1 0 1 1 0 0 0 0 1 0 1 1 0 0 1 0 1 1 0 1 1 1 1 
0 0 1 0 0 0 0 1 1 0 1 0 0 1 1 1 0 1 1 1 0 0 1 1 0 0 1 1 1 0 1 1 0 1 1 0 1 1 1 0 0 1 0 0 1 1 0 1 0 1 1 0 1 1 0 0 1 0 0 1 1 0 1 1 1 1 1 0 0 1 1 0 1 1 0 0 0 0 1 1 0 0 0 0 1 1 0 1 1 0 1 0 1 0 0 1 1 1 0 1 
0 1 1 0 0 0 0 1 1 0 1 1 0 0 1 0 0 1 0 0 0 0 0 1 0 1 1 1 0 1 1 1 1 1 0 0 1 0 1 0 1 1 0 0 1 0 1 1 0 1 1 1 0 0 0 1 0 1 1 0 0 1 1 1 1 1 1 1 0 0 0 1 0 0 1 1 0 0 1 1 1 0 1 1 1 1 1 1 0 0 1 1 1 1 1 0 0 0 1 0 
0 0 1 0 0 0 1 0 1 0 1 1 1 0 1 1 1 0 1 1 1 1 0 1 0 1 0 0 0 0 0 1 0 0 1 1 1 0 1 0 1 1 0 0 1 1 0 0 0 1 0 1 1 0 0 0 1 0 1 1 0 1 1 0 0 1 0 0 1 0 0 0 0 1 1 0 1 0 1 0 1 0 0 1 0 1 0 0 1 1 0 0 0 0 0 0 1 1 0 1 
0 1 1 0 0 0 1 1 0 1 1 1 0 0 0 1 0 0 1 1 1 1 0 0 0 1 0 0 1 1 0 1 0 1 1 0 1 0 1 0 0 0 1 1 1 1 1 1 1 0 0 1 1 0 0 0 0 1 1 1 0 1 1 1 0 0 0 1 1 0 1 1 0 0 0 0 0 1 1 0 0 0 0 0 1 0 1 1 0 0 0 0 0 1 0 0 1 1 1 0 
0 1 0 0 0 1 0 0 1 0 1 1 1 0 0 0 0 0 0 1 0 0 0 1 1 0 0 0 1 0 1 0 0 1 0 1 1 1 0 0 1 1 1 1 0 0 1 1 1 0 0 0 0 0 0 0 0 0 1 0 1 1 1 1 1 0 0 1 1 1 0 1 1 0 1 0 1 0 1 1 0 0 0 1 0 0 1 0 1 0 1 1 1 0 0 1 1 1 0 0 
1 0 0 0 1 1 1 0 0 1 1 1 0 1 1 1 0 1 1 0 1 0 0 1 1 0 1 0 1 0 1 1 1 0 1 1 0 0 1 0 1 1 0 0 1 1 1 1 1 1 1 0 1 0 1 0 1 0 1 1 1 1 0 1 0 1 0 1 0 1 0 1 0 0 1 1 1 1 1 1 1 0 1 1 1 1 0 1 1 0 0 0 1 1 1 0 0 1 1 0 
1 1 0 0 1 1 1 0 0 1 1 1 0 1 0 0 1 1 1 1 0 0 1 1 1 0 0 1 1 0 0 1 1 1 1 0 0 1 1 1 0 1 1 1 0 0 0 1 1 0 0 0 0 0 0 1 1 0 0 1 1 0 0 1 0 0 1 1 0 0 0 1 1 0 0 1 1 1 1 1 1 1 0 1 0 1 1 0 0 0 1 0 0 1 1 0 0 0 1 1 
1 0 1 1 1 0 1 1 1 0 1 1 0 0 1 1 1 0 1 1 1 1 0 1 0 0 0 1 0 1 0 1 0 0 1 0 1 1 0 1 0 0 1 1 1 1 0 1 1 1 1 1 0 1 0 1 1 0 1 0 0 0 1 0 0 0 0 0 1 0 0 1 1 0 1 0 0 1 1 1 0 0 0 0 0 0 0 0 0 0 0 0 1 1 1 0 1 0 1 1 
0 1 1 1 0 0 1 1 0 1 1 1 0 1 1 1 1 0 1 1 1 0 1 0 0 0 0 0 1 0 1 1 1 0 0 0 1 0 0 0 1 1 1 0 1 1 0 1 1 1 0 1 0 1 0 0 1 0 0 1 1 1 1 0 0 0 1 1 0 1 0 1 1 1 0 1 0 0 1 1 0 0 0 0 1 1 0 1 0 1 0 1 1 0 0 0 1 0 1 1 
1 1 0 1 0 1 1 1 0 0 0 1 0 0 0 0 0 0 0 0 0 0 0 0 0 1 1 1 0 0 1 0 0 0 1 1 0 1 1 0 1 0 0 1 1 1 0 0 1 1 1 1 0 1 1 1 0 0 1 1 1 0 0 0 1 1 0 0 0 1 1 1 0 0 0 0 1 1 1 1 0 0 1 1 0 0 0 1 0 1 0 0 1 0 1 0 0 0 0 0 
0 1 1 1 1 1 1 1 1 0 0 1 1 1 1 1 1 0 0 1 0 1 1 1 0 0 0 1 1 1 1 1 1 0 0 0 0 0 0 0 1 1 0 1 1 0 0 1 1 1 0 0 0 0 1 1 0 0 0 1 1 1 0 1 0 1 1 0 1 0 1 0 0 1 0 0 0 0 1 1 0 1 0 0 0 0 1 1 1 0 1 1 0 0 0 0 1 1 1 0 
1 1 0 0 1 0 1 1 0 0 1 0 0 1 1 1 1 0 0 1 1 1 0 0 0 0 0 0 0 0 1 1 0 1 0 0 1 0 0 0 1 0 0 1 1 0 1 0 1 1 1 1 0 0 1 0 1 0 0 1 1 0 0 1 1 0 1 1 1 1 1 1 1 0 1 1 1 0 1 0 1 1 1 0 0 0 1 0 1 1 0 1 0 0 1 1 0 1 0 0 
1 0 1 0 0 0 0 1 0 1 1 1 0 0 1 1 1 1 1 1 0 1 0 0 0 1 1 0 0 1 0 1 0 1 0 1 0 1 1 1 0 1 0 0 0 1 0 1 1 0 1 1 0 0 0 1 0 0 1 0 1 1 0 1 1 0 1 0 0 1 1 1 0 0 1 0 1 0 0 0 1 1 0 1 0 1 1 1 0 1 1 0 1 1 1 1 0 0 0 0 
1 0 0 0 0 1 0 1 1 1 0 1 1 0 0 0 0 0 1 1 1 0 0 1 0 0 0 1 0 0 1 0 1 1 0 1 1 1 0 0 0 0 1 1 0 0 0 0 0 1 1 1 1 1 1 1 0 0 0 1 1 0 0 1 1 1 1 0 0 0 1 0 0 0 0 0 1 1 0 1 1 0 1 1 0 0 1 1 0 1 1 0 1 0 0 1 1 0 0 0 
1 0 0 1 1 0 0 1 1 1 1 0 0 0 1 0 0 1 1 0 0 0 0 1 0 1 1 0 1 0 1 0 0 1 1 0 0 0 0 0 1 0 0 0 0 0 0 1 0 0 1 0 0 1 0 1 0 1 1 1 1 0 1 0 0 0 1 0 1 0 1 1 1 1 0 0 0 0 1 1 0 1 0 0 1 0 0 1 0 0 0 1 0 0 0 1 0 0 1 1 
0 0 1 1 0 1 0 1 0 0 0 1 1 0 0 0 1 1 1 1 0 0 1 1 0 0 1 0 0 1 0 1 1 1 1 0 0 0 0 1 0 0 1 1 1 1 0 1 1 1 0 1 1 0 1 1 0 0 1 1 1 1 1 1 0 1 0 0 0 0 1 0 1 1 1 1 1 0 0 0 0 1 0 0 0 1 1 1 1 1 1 0 1 0 0 0 1 0 1 1 
0 1 1 1 1 1 0 0 1 1 1 1 0 1 1 1 1 1 0 1 1 0 0 0 0 1 0 1 0 1 1 0 1 0 1 1 1 0 1 1 1 1 0 1 0 1 0 0 0 0 0 1 1 1 1 0 0 0 1 0 0 1 1 0 1 0 1 0 0 1 1 0 1 1 0 0 0 1 1 0 1 0 1 1 0 0 0 1 1 1 0 0 1 0 0 1 1 0 0 1 
1 0 1 0 1 1 0 1 1 0 0 0 0 0 0 1 1 1 0 1 0 1 1 0 0 0 1 1 1 1 1 1 1 0 0 1 0 1 0 1 1 1 0 0 0 0 1 1 1 1 1 1 1 0 1 0 0 0 1 0 0 0 0 0 0 0 1 0 0 0 1 0 1 0 0 0 1 0 1 1 0 1 1 0 1 1 1 1 1 0 0 1 0 0 0 0 1 1 1 0 
0 0 1 1 0 1 1 1 1 1 1 1 1 1 1 0 0 1 1 1 1 0 1 0 0 0 1 0 0 1 0 1 0 1 0 1 1 0 0 0 1 0 0 1 0 1 0 0 1 1 0 1 0 0 1 1 0 1 0 0 0 0 1 0 1 1 1 0 1 0 1 0 1 1 1 1 1 1 1 0 0 1 0 1 0 1 1 1 0 1 1 0 1 0 1 0 1 1 1 1 
0 1 0 0 0 0 1 0 0 0 1 1 1 1 0 0 0 0 0 1 0 0 1 0 0 1 1 0 0 0 1 1 1 1 1 0 1 0 1 1 1 0 0 0 1 1 0 1 0 1 1 1 0 1 1 1 0 1 0 0 1 0 0 0 0 1 1 0 0 1 1 0 0 1 1 1 1 1 1 0 0 0 1 1 1 0 0 0 1 0 1 0 0 1 0 1 1 1 1 1 
0 1 0 1 1 0 1 0 1 1 0 0 0 1 0 0 1 1 1 1 0 1 1 1 0 1 1 0 0 0 0 0 1 0 1 0 0 1 1 0 0 1 0 0 0 1 1 0 1 1 0 0 1 1 1 0 1 1 1 0 1 0 1 0 0 1 1 0 0 1 0 1 0 0 0 1 0 0 1 1 1 0 0 1 0 0 0 1 0 1 1 0 0 1 0 1 1 1 1 1 
1 0 1 1 1 1 1 1 0 0 1 1 0 1 1 0 0 0 0 1 1 1 0 0 1 0 1 1 0 0 0 1 0 0 1 0 1 0 0 0 0 0 0 1 0 0 1 1 1 0 0 1 0 0 1 1 0 1 1 0 1 0 1 1 0 0 1 1 0 1 1 1 0 1 1 0 1 1 1 0 1 0 1 1 1 1 1 1 1 1 0 0 0 1 0 0 1 0 0 1 
0 1 1 1 1 1 1 0 1 1 0 1 0 0 0 0 0 0 0 1 1 0 1 1 1 0 0 0 1 1 0 0 1 0 1 0 1 0 1 1 1 0 1 0 0 1 0 1 0 1 0 0 0 0 1 0 0 1 1 0 1 1 0 0 1 0 0 1 1 1 0 1 1 0 1 1 0 1 0 0 1 1 0 0 0 0 1 0 0 0 1 0 0 0 1 1 1 0 1 1 
0 0 0 1 0 0 0 0 0 0 1 0 0 0 0 0 1 0 0 0 1 0 1 1 0 1 0 0 1 0 1 0 0 1 0 1 1 0 0 1 1 1 1 1 1 0 1 1 1 1 1 0 1 1 0 0 0 0 0 1 0 0 1 1 1 0 1 1 0 0 0 1 1 0 1 0 1 1 0 1 0 1 1 1 0 0 0 1 0 1 0 0 1 1 1 1 0 0 0 0 
1 1 0 1 1 0 0 0 0 0 0 1 0 0 0 1 0 0 1 1 0 1 1 0 0 1 0 0 1 0 0 1 0 0 1 0 1 1 1 1 0 0 0 0 0 1 1 1 1 0 0 1 0 0 1 1 1 1 1 1 1 0 0 0 1 1 0 0 1 1 1 0 0 1 1 0 0 0 1 0 1 0 1 0 0 0 1 0 1 1 1 1 0 0 1 0 1 0 0 1 
0 1 1 1 0 1 0 0 0 1 1 0 0 0 1 0 0 0 1 0 0 1 1 0 1 0 1 1 1 1 0 0 0 1 0 1 1 0 1 0 0 0 0 0 1 0 0 1 1 1 1 1 1 0 0 0 0 1 1 0 1 0 0 0 0 1 0 1 1 1 1 1 0 0 1 0 0 0 0 0 1 1 0 0 0 0 1 0 1 1 0 0 0 1 1 1 0 0 0 0 
1 0 1 0 0 0 1 1 0 0 1 0 1 0 1 0 0 1 1 1 0 0 1 1 0 0 0 0 1 1 0 0 1 1 0 1 0 0 0 0 0 0 1 1 0 0 1 0 1 0 1 0 0 1 1 0 1 1 0 0 1 0 1 1 1 0 1 1 0 0 1 1 0 0 1 0 0 1 1 0 1 1 1 1 1 1 1 0 1 0 1 1 0 1 1 1 1 1 1 0 
1 0 0 1 0 0 0 0 1 1 1 0 0 0 0 0 0 0 0 1 0 1 1 0 0 0 1 0 1 1 1 1 1 1 0 1 1 1 1 1 1 0 0 1 1 0 1 1 0 0 1 0 0 1 0 0 1 1 0 0 0 1 0 1 1 0 1 1 0 0 0 0 0 1 1 0 0 0 1 0 1 0 1 0 0 1 0 1 0 1 0 0 0 0 1 0 0 1 1 0 
1 0 0 0 1 1 0 0 0 0 1 1 1 0 0 1 0 1 0 0 1 1 0 1 0 0 0 1 0 0 0 0 1 1 0 1 0 1 1 1 0 0 0 0 0 0 1 0 1 1 1 0 1 1 0 0 0 1 0 1 1 1 1 0 0 1 1 1 1 1 1 1 0 1 1 1 0 0 1 1 0 0 1 1 0 1 1 1 1 1 0 0 0 1 0 1 0 1 0 1 
1 0 1 0 1 1 0 0 1 1 1 1 1 0 1 1 1 1 1 0 1 1 1 1 0 0 1 1 1 1 1 0 0 0 1 0 0 0 0 1 1 0 0 1 0 1 1 1 0 0 1 0 0 0 0 1 1 0 0 1 1 1 1 1 0 1 1 1 0 0 1 0 1 1 1 1 0 1 1 0 1 1 0 0 1 0 1 0 0 0 0 0 0 0 0 1 1 0 0 1 
0 0 1 1 1 0 1 0 0 1 1 1 1 0 1 1 0 1 1 0 1 0 1 0 1 1 1 0 0 1 0 0 0 1 1 1 1 1 0 1 0 0 0 1 0 1 1 0 0 1 0 0 0 1 1 1 0 0 0 0 1 0 0 0 1 0 0 1 1 1 1 0 1 0 0 0 1 0 0 1 1 1 1 1 1 1 0 1 0 1 0 0 0 1 1 0 1 0 0 0 
1 0 1 1 1 1 0 0 0 0 1 0 0 0 0 0 0 0 1 0 0 0 0 1 0 1 0 1 0 0 1 0 1 0 1 1 0 1 0 0 0 1 0 0 1 0 0 0 1 1 0 0 0 1 0 1 1 1 0 0 0 1 0 1 1 0 0 1 0 1 1 1 1 1 1 0 0 1 0 1 0 0 0 1 0 1 0 1 1 1 1 1 1 0 1 0 0 1 1 0 
1 0 0 1 1 1 1 0 1 1 1 1 0 0 1 1 0 1 1 0 0 1 0 0 1 0 1 0 0 1 1 1 1 0 0 1 0 0 1 1 0 0 0 1 1 1 0 0 0 1 1 0 0 1 1 0 0 1 1 1 0 0 1 0 0 1 0 0 0 0 1 1 0 1 1 0 1 1 0 0 1 1 1 0 0 0 1 0 0 1 0 0 1 1 0 1 0 1 1 0 
0 1 1 1 1 1 1 0 0 1 0 1 1 0 0 1 1 0 0 0 0 1 1 0 1 0 0 1 0 1 0 0 1 0 0 0 0 0 0 0 0 1 1 1 1 0 1 1 1 1 1 1 0 1 1 1 0 1 0 1 0 1 1 0 1 1 1 0 1 0 0 1 1 0 0 1 1 1 1 1 1 0 1 0 0 1 1 0 0 0 1 1 0 1 1 1 1 0 0 0 
1 0 0 1 1 0 0 0 0 0 1 0 1 0 0 1 0 0 1 0 1 0 0 0 0 0 0 0 1 1 0 1 0 0 1 1 1 1 1 1 0 1 0 0 1 1 1 1 0 0 0 1 0 0 0 1 0 0 0 1 1 1 1 0 1 0 1 0 0 0 0 0 1 0 1 1 1 1 0 1 0 0 0 0 1 0 0 0 0 0 0 1 1 1 1 1 0 1 0 0 
0 1 0 1 0 0 0 0 1 1 0 1 0 0 1 1 0 0 1 0 0 0 1 1 1 1 0 0 0 1 1 1 0 0 0 1 1 1 0 0 1 1 1 0 1 0 0 1 1 0 1 0 1 0 1 1 0 1 1 0 1 0 0 0 0 1 1 1 1 0 0 1 0 1 0 1 0 1 0 1 0 1 1 0 1 1 0 1 0 1 0 0 0 1 0 0 0 1 0 1 
1 1 1 0 0 1 0 0 1 1 1 1 1 1 0 0 0 1 1 1 0 1 0 0 1 1 1 0 0 1 0 0 1 0 0 0 0 0 0 0 1 1 1 0 0 0 1 1 0 1 0 0 1 0 1 1 1 0 1 1 0 1 1 1 0 0 0 0 1 1 1 1 0 1 1 1 1 1 1 0 1 1 0 0 1 1 0 0 1 0 1 1 1 1 0 0 1 1 0 0 
1 0 0 0 0 1 1 0 0 1 1 0 1 1 0 1 0 0 0 1 0 1 0 0 1 1 1 0 1 0 0 0 0 1 0 0 1 0 0 1 0 0 0 0 0 0 1 1 0 1 0 1 1 0 0 1 1 0 1 0 1 1 1 0 0 0 1 1 0 0 0 0 1 0 1 0 0 0 0 1 1 1 1 1 0 1 1 1 0 1 0 0 1 0 1 0 1 0 0 0 
1 1 1 1 0 0 1 0 1 1 0 1 0 1 0 1 0 0 0 0 0 0 1 1 0 0 1 0 0 0 0 1 1 1 1 0 0 0 0 1 0 0 0 1 0 0 0 0 1 0 1 1 1 1 1 0 0 1 1 1 1 0 0 1 1 1 0 1 1 0 1 0 1 0 0 1 1 0 1 0 0 1 1 1 1 0 0 1 1 1 1 0 1 0 1 1 1 0 1 0 
1 0 1 1 1 0 1 0 0 1 0 0 1 0 1 0 0 0 1 0 1 1 1 0 0 0 0 1 1 0 1 1 1 1 1 1 1 0 1 1 1 1 1 1 1 1 0 1 1 1 0 0 0 1 0 1 1 0 0 0 1 1 0 1 1 0 0 1 0 0 0 1 0 0 0 1 1 0 1 1 1 1 0 0 0 1 0 1 0 1 1 1 1 1 1 1 0 1 1 1 
1 0 1 0 1 0 0 1 1 0 1 0 0 1 1 1 1 0 1 1 1 0 0 0 1 1 0 0 0 0 1 0 0 0 1 0 0 1 0 1 0 1 1 0 1 1 0 1 1 0 1 0 1 1 1 0 1 0 1 0 0 1 0 1 0 1 0 0 0 0 0 0 0 0 1 0 0 0 0 0 0 0 1 1 0 0 0 0 0 0 1 0 0 1 1 0 0 1 0 1 
1 0 0 1 0 1 0 1 1 0 1 0 1 0 0 0 1 0 0 0 0 1 1 0 0 0 0 1 0 0 0 0 0 1 1 1 0 0 1 0 0 1 0 0 0 0 1 1 1 1 0 0 1 1 1 1 0 0 1 1 1 0 0 1 0 1 1 0 1 0 1 0 0 0 1 0 1 1 1 0 0 1 0 1 1 1 0 0 1 0 1 1 1 0 1 0 1 1 1 0 
0 1 1 1 1 1 1 0 0 1 0 1 0 1 0 0 0 1 0 1 1 1 1 0 0 0 0 1 1 1 0 1 0 1 0 1 0 1 0 0 1 0 0 0 1 1 1 0 0 1 1 1 1 1 1 1 1 0 0 0 0 1 1 1 0 1 1 1 1 0 1 1 1 1 0 1 1 0 1 0 1 0 0 0 0 0 1 0 0 1 0 1 0 0 1 0 0 1 1 0 
1 0 1 1 1 1 0 0 0 0 1 0 1 1 0 1 0 1 0 1 0 0 1 1 1 0 1 1 1 1 0 0 0 0 1 0 1 0 1 1 0 1 0 0 1 0 0 1 1 0 0 1 1 1 0 1 1 1 0 1 1 0 1 0 0 0 0 0 0 0 0 1 0 0 1 1 1 1 1 0 1 1 0 1 0 0 1 0 1 0 0 1 1 0 0 1 1 1 1 0 
0 1 0 1 0 1 1 0 1 0 1 1 0 0 1 1 1 0 1 0 1 1 0 1 1 0 1 1 1 1 1 1 1 1 0 0 0 0 1 1 1 1 0 1 0 0 0 0 0 1 1 0 1 1 1 1 0 0 1 1 1 0 0 0 1 1 1 0 0 0 0 1 1 0 1 0 1 0 0 1 1 1 0 0 1 0 0 0 1 0 1 0 1 1 1 1 0 0 0 0 
0 1 0 1 1 1 0 0 0 0 0 0 0 1 1 1 1 0 0 1 0 1 1 0 0 0 1 0 0 0 1 0 0 1 0 1 1 0 0 0 1 0 1 0 0 1 1 0 1 0 0 1 0 1 0 1 0 1 1 0 1 1 1 0 0 1 0 0 0 1 0 0 0 0 1 0 0 1 1 1 1 0 1 1 1 1 0 0 0 0 0 0 0 0 1 0 0 0 1 0 
0 0 1 0 1 1 1 0 0 0 0 1 0 0 0 1 0 1 0 0 0 0 1 0 1 1 0 1 1 0 1 0 0 0 0 0 0 1 1 0 1 0 1 0 0 1 1 1 1 1 0 0 1 0 1 1 0 0 1 1 1 1 0 1 0 0 1 1 1 0 1 1 1 1 0 1 0 0 1 0 1 0 1 1 1 0 0 0 1 0 1 0 1 1 0 1 1 0 1 1 
0 1 0 0 0 0 0 1 1 1 0 1 1 0 0 1 1 0 1 1 0 1 1 1 0 0 0 1 1 0 0 1 0 1 1 0 0 0 0 0 1 0 0 0 0 1 0 0 1 0 0 1 1 1 1 1 0 0 0 0 1 1 1 0 1 0 0 0 1 1 1 1 0 1 0 1 1 0 0 1 0 1 0 1 0 1 0 0 1 1 0 0 1 1 0 1 0 0 1 0 
0 1 0 1 1 0 1 1 0 1 0 1 0 0 1 1 0 0 0 1 0 0 0 0 0 0 0 0 0 0 1 0 1 0 0 0 1 0 1 0 0 0 1 0 0 1 0 0 0 1 1 0 1 0 1 1 0 1 0 1 1 0 0 1 1 1 0 1 0 0 1 0 1 0 0 1 1 0 0 1 0 1 0 0 1 0 0 1 0 0 0 0 1 0 1 0 1 0 0 1 
1 0 1 1 1 0 0 1 0 1 1 0 1 1 0 0 0 0 0 1 0 1 1 1 0 0 1 1 1 1 1 0 0 0 0 0 1 0 1 0 0 1 0 1 1 0 1 0 1 0 0 1 0 1 1 0 0 1 1 1 1 1 0 0 1 0 0 0 0 0 1 1 1 0 1 1 0 1 1 1 0 1 0 0 0 0 1 0 0 0 0 1 1 0 0 0 0 1 0 0 
1 0 0 0 0 0 1 1 0 1 1 0 1 0 0 1 0 1 1 0 0 1 1 1 1 1 0 1 1 0 1 0 1 0 0 0 1 0 0 0 1 0 1 0 0 0 1 0 1 0 0 1 0 0 1 0 1 0 1 0 0 1 0 0 0 1 0 0 0 0 1 1 0 0 0 1 0 0 1 1 0 1 1 1 0 1 0 1 1 1 0 1 1 0 0 1 0 0 0 0 
1 1 1 0 1 1 0 1 1 1 1 1 1 1 1 0 0 1 1 0 0 1 0 1 1 1 1 0 0 1 1 1 0 1 0 1 1 0 1 1 0 0 0 0 1 0 1 1 0 0 0 0 0 0 0 1 0 1 0 1 0 0 1 0 1 0 0 1 1 0 1 0 1 0 1 0 0 0 1 1 0 0 1 1 1 1 0 1 1 0 1 1 0 0 0 1 0 1 0 1 
1 1 0 0 1 0 1 1 0 0 0 1 0 0 1 0 1 0 1 0 1 0 0 1 0 1 1 1 1 0 0 1 1 1 1 0 0 0 0 0 1 1 0 0 0 1 1 0 0 1 0 0 0 0 0 1 0 1 1 1 0 0 1 0 1 0 1 1 0 0 1 1 1 0 0 0 1 1 1 1 0 1 0 0 0 1 0 0 0 1 0 1 0 1 0 1 1 1 1 1 
0 0 0 1 0 0 0 1 1 0 1 0 1 0 0 1 0 1 1 1 0 0 0 0 1 1 0 0 0 0 1 1 1 1 0 1 1 0 1 0 1 1 0 1 0 0 1 1 1 0 0 0 1 1 0 0 1 1 0 1 0 1 0 0 1 1 1 0 0 1 0 0 0 0 0 1 1 0 0 0 1 1 1 0 1 0 0 0 0 1 1 1 1 1 1 0 1 0 0 0 
0 0 1 1 0 1 0 1 1 1 1 1 1 0 0 1 0 1 1 1 0 0 0 1 0 1 1 1 1 1 0 1 0 0 0 0 1 0 1 1 1 1 1 1 1 1 0 0 0 0 0 1 1 0 0 0 1 1 1 0 1 1 0 1 0 1 0 0 0 0 0 0 1 0 1 1 1 0 1 0 1 1 0 1 1 1 1 1 1 1 1 0 1 0 1 0 0 1 1 1 
1 0 0 1 1 0 0 0 1 0 0 1 1 0 0 1 1 0 0 0 1 0 0 0 1 0 1 0 0 0 0 1 1 0 0 0 0 1 1 0 1 0 0 0 0 1 1 0 1 1 0 1 1 0 0 1 1 0 1 1 0 1 0 1 0 0 1 0 1 0 1 1 1 1 1 1 0 0 0 1 1 0 0 1 0 1 0 1 1 0 0 1 1 1 0 0 1 0 1 0 
0 0 1 0 1 0 1 1 1 1 1 0 1 1 1 1 0 1 0 0 1 0 1 0 1 0 1 1 0 1 1 0 0 1 0 0 0 0 1 1 0 1 1 0 1 1 0 0 0 1 1 1 1 0 1 1 1 0 0 1 1 1 1 1 1 1 0 0 0 0 1 0 1 1 1 0 1 1 0 0 0 0 0 1 0 1 1 1 1 1 0 0 0 0 1 1 1 0 0 0 
0 1 0 0 0 0 0 0 1 1 0 1 0 0 1 0 0 0 0 1 0 0 0 0 0 1 0 1 0 1 0 0 1 0 1 1 1 0 1 1 1 1 0 1 0 1 0 1 1 1 1 1 0 1 0 0 1 1 1 0 0 0 0 0 1 1 0 1 0 1 1 0 0 1 1 0 0 1 0 1 1 0 1 1 0 0 1 1 0 0 0 0 1 1 1 0 0 0 1 0 
1 0 1 1 0 0 1 0 0 1 1 0 0 1 0 0 0 0 0 1 0 0 1 0 1 0 0 0 1 0 0 0 0 0 1 1 0 1 0 0 0 1 0 1 1 1 1 1 1 1 0 1 1 0 1 0 0 1 1 1 1 1 1 0 0 0 0 0 1 0 1 1 1 1 0 1 1 1 1 1 1 0 0 0 1 0 0 1 1 1 1 0 0 1 1 1 1 1 0 1 
1 1 1 0 1 0 0 0 0 1 1 0 1 1 1 0 0 0 1 0 0 1 0 0 1 1 0 0 1 0 0 1 0 0 0 1 0 1 1 1 1 1 0 0 1 0 0 0 0 0 1 0 1 0 1 1 0 0 1 1 0 0 0 0 1 1 1 1 0 0 0 0 0 1 1 1 1 0 1 1 1 1 1 1 0 0 0 0 1 0 0 0 0 0 1 0 1 1 0 0 
1 1 0 0 1 1 1 1 1 0 1 1 1 0 0 1 1 1 0 1 0 1 1 0 1 1 0 0 0 1 0 0 1 0 0 0 0 0 0 0 1 0 1 1 1 1 1 1 0 0 0 1 1 1 1 0 1 1 1 0 1 1 1 1 0 0 0 0 1 1 1 1 0 1 0 0 1 0 1 0 1 1 1 1 0 0 1 1 0 0 1 0 0 1 0 0 0 0 1 1 
0 0 0 1 1 0 1 0 1 1 0 1 1 0 0 1 1 1 1 1 0 0 0 0 1 0 0 1 0 1 0 1 0 1 1 1 0 0 1 1 1 1 1 0 0 0 1 0 0 1 1 1 0 0 1 1 0 0 0 0 0 0 0 1 1 1 1 1 0 1 1 0 1 0 0 0 0 1 1 0 0 0 0 0 0 0 0 0 1 1 1 0 1 1 0 0 0 0 1 0 
1 0 0 0 1 0 1 0 0 0 0 0 1 0 0 0 0 0 0 1 0 0 1 0 0 0 1 1 0 0 1 1 1 1 1 0 1 0 1 0 1 1 1 1 1 0 0 0 0 1 0 0 1 1 1 0 1 1 0 0 1 0 1 0 0 0 0 0 0 1 1 0 0 0 0 1 0 0 1 0 0 0 1 1 1 1 0 1 0 0 1 1 1 0 0 1 0 0 0 1 
0 1 1 1 0 0 0 1 0 0 0 0 0 1 0 1 0 0 1 0 0 0 1 0 0 1 0 1 1 1 0 0 0 0 1 0 1 1 0 0 1 1 0 1 0 0 1 0 1 0 1 1 0 0 0 1 0 1 0 1 0 1 1 1 1 1 0 1 1 1 0 0 1 1 0 1 1 0 1 0 1 0 1 1 0 1 1 0 0 0 0 1 1 0 0 1 1 0 0 1 
1 1 1 0 1 0 1 0 1 1 1 0 1 0 0 0 1 1 0 0 0 1 0 0 1 1 0 0 0 1 0 1 1 1 1 1 1 1 1 0 0 1 0 1 0 0 1 1 1 0 1 0 1 0 0 1 1 1 0 1 0 0 1 0 0 1 1 1 1 0 1 0 0 0 0 1 0 1 1 1 0 1 0 1 1 1 0 0 1 0 0 0 1 0 0 0 1 0 1 0 
1 0 0 1 1 1 1 0 0 0 0 0 0 1 0 1 1 1 1 0 1 0 1 0 0 0 0 1 0 1 0 1 1 1 1 0 1 1 1 1 1 1 1 1 1 1 1 0 1 0 0 0 1 0 1 0 1 0 0 0 1 0 1 1 1 1 1 1 0 0 0 0 1 0 1 1 1 1 1 1 0 0 0 0 1 0 0 0 0 0 1 0 1 1 1 1 1 1 1 0 
0 0 1 1 1 1 1 0 1 1 0 1 0 0 1 1 0 0 1 1 1 0 1 0 0 0 1 0 1 1 0 0 1 1 0 0 1 0 0 0 1 1 1 1 0 0 0 0 0 1 1 0 0 1 1 0 1 1 1 0 1 1 1 0 0 0 0 0 1 0 1 1 0 1 1 1 0 1 0 1 1 1 0 0 1 1 1 1 0 0 0 1 0 0 1 0 1 1 1 0 
1 0 1 1 1 1 1 1 1 0 0 0 1 0 0 1 0 0 1 0 0 1 0 0 0 1 0 1 0 0 1 0 1 0 1 0 0 1 0 1 1 0 1 0 0 1 0 1 1 1 0 1 1 1 1 0 1 0 1 0 1 0 1 0 0 0 0 0 1 0 0 1 0 1 1 0 0 0 0 1 0 1 1 0 1 1 0 1 1 1 1 1 0 0 0 0 0 0 0 1 
0 1 1 1 0 0 1 1 1 1 1 0 0 0 0 0 1 0 0 0 0 0 1 1 1 0 0 1 0 1 0 1 1 0 0 1 1 0 1 0 1 1 0 0 1 0 1 0 1 0 0 0 0 1 0 1 0 0 1 1 1 0 1 0 1 1 1 1 1 1 0 1 0 1 0 0 0 0 1 1 0 0 1 1 1 1 0 1 0 1 0 0 1 1 0 0 0 1 1 1 
0 1 0 0 0 1 0 1 0 0 0 1 0 0 1 1 0 1 0 1 1 1 1 1 0 0 0 1 1 0 1 0 1 1 0 0 0 1 1 1 1 0 1 0 0 0 0 1 1 1 0 0 1 0 1 1 0 1 1 0 0 0 0 1 0 1 1 0 0 0 0 1 1 0 1 0 0 1 1 1 0 1 1 0 0 0 1 0 1 0 0 0 0 0 1 1 1 1 1 0 
0 0 1 0 1 1 1 1 0 1 0 1 1 1 1 1 0 0 0 0 0 0 1 0 1 0 1 0 0 0 1 1 0 1 1 0 1 0 0 1 0 0 0 1 0 0 1 1 1 1 1 0 0 0 1 0 1 0 1 1 1 1 1 0 0 1 0 0 0 1 1 0 0 0 0 0 1 1 0 1 1 1 1 1 1 0 0 0 1 1 1 0 0 1 0 1 1 1 1 1 
0 0 1 0 1 0 1 0 0 0 1 1 0 0 1 0 0 0 1 1 1 1 0 1 1 1 0 1 0 1 0 1 0 1 0 1 0 1 0 0 1 1 1 0 0 0 1 0 1 1 1 0 0 1 1 0 0 0 0 1 1 1 1 0 0 1 1 0 1 1 1 1 0 0 0 1 0 0 0 1 0 1 1 1 1 1 1 0 0 1 1 1 1 1 0 1 0 0 0 0 
1 0 1 0 0 0 1 1 0 1 1 1 1 0 0 1 0 1 1 1 1 1 0 1 0 1 0 1 0 0 1 0 0 0 0 1 1 1 0 0 0 0 1 1 1 1 0 1 0 0 0 1 1 1 0 0 0 0 1 1 1 0 1 0 0 0 0 0 1 1 0 0 0 0 1 0 0 0 0 1 0 0 1 1 0 1 0 1 1 1 0 1 1 1 1 0 1 1 0 1 
0 1 1 0 0 0 0 1 1 0 1 0 1 0 0 0 0 1 0 1 1 1 0 1 1 1 1 1 1 1 1 0 0 0 0 1 0 1 1 0 0 1 0 1 0 0 0 0 1 1 1 1 0 0 1 1 0 0 1 0 1 0 0 1 1 0 0 0 0 0 0 1 0 1 0 0 1 0 1 0 1 0 1 1 1 0 1 0 0 1 0 0 1 0 0 0 1 1 1 1 
1 0 0 0 1 1 0 0 1 1 1 0 1 0 0 1 0 0 0 1 1 0 0 1 0 1 1 1 1 0 0 1 1 1 1 1 1 1 1 0 0 1 1 1 0 1 1 0 0 0 0 1 1 1 0 1 1 0 1 0 1 1 1 1 0 1 0 0 0 1 0 0 0 0 0 0 0 0 1 1 0 0 0 1 0 0 1 0 0 0 1 0 0 0 1 1 0 1 1 1 
0 0 0 0 1 1 0 1 0 0 1 0 0 1 1 1 0 0 0 0 0 1 1 0 0 1 0 1 1 1 1 0 0 1 1 1 1 0 1 1 0 1 0 0 0 1 0 1 1 0 0 1 0 1 0 1 0 1 1 0 1 1 1 1 0 0 0 0 0 1 0 1 0 1 0 0 1 1 1 1 0 0 0 1 1 1 1 1 1 0 1 1 0 0 1 1 1 1 1 0 
0 1 1 0 0 1 0 0 0 1 1 1 1 0 1 0 0 1 0 0 1 0 1 1 0 0 0 1 1 0 0 1 1 0 1 0 1 1 1 1 1 1 1 0 0 0 1 0 1 1 1 1 1 1 0 0 1 1 0 0 1 1 1 1 1 1 0 1 1 1 0 1 1 0 0 1 1 1 1 0 1 0 1 1 1 1 0 0 0 0 0 0 1 1 0 0 1 0 0 0 
1 1 0 1 0 0 1 1 0 1 1 1 0 0 0 0 0 1 0 1 1 0 0 1 0 1 0 1 1 1 1 0 1 0 0 0 0 1 0 0 1 0 1 0 0 0 1 1 0 0 0 0 0 1 1 0 0 1 0 0 1 1 1 1 0 1 1 0 1 0 0 0 0 1 0 1 1 0 1 1 0 1 0 1 1 1 0 0 0 1 1 1 1 0 1 0 0 0 0 0 
1 0 1 0 0 1 1 0 1 0 0 0 1 0 1 0 0 0 1 0 0 1 1 0 1 1 0 0 1 1 0 1 0 1 1 1 1 0 0 0 0 1 0 1 0 1 0 1 1 0 0 0 1 0 1 0 0 0 1 1 0 0 1 1 0 1 1 1 0 0 1 0 0 1 1 1 0 1 1 1 0 0 0 0 1 1 0 1 1 1 0 0 0 0 0 0 1 0 0 1 
0 0 1 1 0 0 1 0 1 0 0 0 0 1 1 0 1 0 1 1 0 1 0 0 1 0 0 0 0 0 1 0 1 0 0 1 0 1 1 1 0 0 0 0 1 1 0 0 0 1 1 0 0 0 0 1 0 0 0 0 1 0 1 0 1 0 1 0 1 0 0 1 1 0 1 1 1 0 0 0 1 0 0 1 1 0 1 1 1 0 1 0 1 1 0 0 0 0 1 0
1 1
5 10
10 5


 