30
1
8 2
3
2 2
4 2
6 2
3
2 2
50 2
98 4
1
8242 462
2
7548 53
9858 87
3
20 253
603 318
8624 901
10
15 115
618 121
1581 35
1667 96
4272 45
5318 42
6096 52
6110 1
6366 10
7018 18
11
86 17
950 48
3162 47
3944 29
4549 39
4995 81
5323 71
6026 75
6854 31
8975 53
9087 63
12
14 229
781 48
1091 51
2336 2
3373 25
6926 13
7012 216
7082 179
7575 13
9703 200
9789 85
9944 117
13
681 91
3523 122
4619 138
5428 71
5790 37
6508 45
6688 166
7548 82
7695 164
8306 189
8663 189
9579 50
9617 101
21
20 92
557 58
601 98
1067 4
1074 105
1413 89
3819 91
4133 103
4468 46
4500 62
5527 61
6248 98
6590 46
6951 3
7080 84
7144 82
8517 66
8653 89
8910 95
9235 46
9463 73
23
303 39
686 32
710 47
1306 35
1526 94
1534 17
1564 105
1666 21
2401 64
2579 24
3599 90
3728 92
4373 21
4963 92
5582 20
5595 90
6706 107
7297 10
7795 75
7872 38
8548 105
9213 35
9809 25
50
499 65
588 13
712 20
1130 132
1202 76
1375 149
1874 99
2046 69
2087 136
2089 114
2325 51
2359 53
2512 57
2870 128
3033 11
3056 50
3076 74
3129 74
3155 80
3305 5
3576 136
4250 77
4361 8
4548 134
4654 45
4758 12
4822 144
5131 80
5504 142
5668 34
5684 110
5690 147
5739 65
6156 56
6213 45
6307 25
6771 118
6846 37
6862 124
6960 21
7036 104
7448 121
7453 5
7542 23
7933 60
8687 52
8961 152
9396 82
9665 147
9831 88
52
475 58
534 94
619 105
731 2
802 22
878 92
1019 85
1101 98
1137 95
1319 92
1542 75
1690 28
2116 78
2586 100
2987 60
3040 81
3145 2
3246 49
3483 87
3484 111
3515 18
3522 10
3781 115
3802 62
4139 87
4287 92
5027 92
5170 8
5263 108
5532 115
5710 95
5825 25
6029 78
6084 91
6216 50
6573 89
7182 3
7315 117
7594 100
7764 103
7840 96
8144 19
8327 3
8416 14
8500 88
8769 93
8790 105
8803 86
8805 101
9143 29
9355 19
9998 48
54
184 104
193 49
671 50
750 12
774 17
1126 55
1446 71
1469 29
1537 26
1654 22
1685 10
1832 2
2016 24
2041 63
2243 77
2320 13
2361 17
2471 102
2622 40
2739 105
2796 89
2824 82
2849 42
3286 85
3842 100
3844 80
3924 93
4067 72
4836 4
4988 112
5088 33
5138 90
5592 29
6048 89
6255 93
6372 74
6453 42
6576 80
7098 104
7197 102
7392 108
7584 102
7728 17
7889 12
8258 80
8337 50
8439 110
8503 100
8652 63
8886 33
8952 5
9707 117
9714 24
9928 59
71
44 134
237 42
555 134
609 121
744 156
1017 122
1107 66
1340 165
1346 70
1615 83
1836 192
1840 53
1893 144
2041 15
2157 160
2217 20
2350 204
2384 96
2469 113
2560 56
2738 4
2753 23
3032 202
3045 65
3053 142
3299 42
3368 142
3376 64
3433 202
3465 128
3492 137
4106 182
4174 90
4396 67
4635 84
4688 73
4747 188
4885 60
4998 202
5352 31
5368 177
5566 151
5590 132
5736 96
5853 85
6493 66
6627 81
6667 41
6789 127
6845 178
6988 50
7673 17
7939 210
7942 5
8020 50
8114 83
8194 112
8217 76
8292 178
8401 134
8402 26
8407 56
8714 195
8777 148
9000 76
9139 116
9187 70
9473 58
9490 47
9522 97
9702 68
73
149 70
224 246
229 214
243 197
285 22
592 37
642 216
964 105
1381 155
1480 14
1615 175
1674 269
1718 274
1769 266
1805 143
1893 108
1912 2
2217 130
2262 167
2309 150
2408 34
2432 235
2514 134
2597 178
2721 156
2751 129
2967 248
3096 95
3167 209
3237 10
3338 175
3417 242
3948 71
4460 216
4535 77
4759 163
4767 22
4852 63
4969 13
5066 99
5096 115
5106 114
5150 212
5202 126
5315 114
5457 84
5783 39
6328 210
6813 222
7069 3
7173 48
7731 88
7934 64
8019 48
8028 242
8207 147
8238 217
8240 222
8632 180
8649 109
8741 77
8801 153
8923 113
9055 257
9312 26
9325 6
9444 63
9477 190
9526 229
9722 113
9773 63
9802 258
9959 180
75
195 3
251 11
253 33
315 104
437 103
448 151
565 34
671 56
708 122
834 102
837 12
1151 47
1233 60
1769 21
1802 128
1807 151
1907 127
1965 35
1976 121
2170 47
2266 135
2375 117
2405 2
2485 89
2617 93
2646 47
2666 52
2670 81
2743 35
2829 144
2838 72
2927 35
3114 80
3152 15
3230 123
3292 45
3575 120
3778 90
3779 44
3851 17
4108 104
4278 105
4465 85
4482 78
4647 38
4922 87
5073 76
5181 134
5190 157
5245 85
5398 88
5459 151
5501 123
5624 119
5754 14
5998 23
6291 64
6303 16
6856 56
7215 20
7254 125
7301 148
7313 124
7774 102
8440 101
8466 40
8510 57
8688 98
8959 109
9038 51
9260 148
9567 61
9673 86
9739 76
9775 38
77
96 4
102 26
143 30
179 20
269 95
332 66
368 15
458 11
473 109
570 88
631 101
741 24
1339 20
1461 31
1514 97
1571 91
1582 27
2072 79
2249 19
2566 52
2631 54
2816 37
2862 58
2935 81
3033 7
3215 89
3715 39
4005 10
4033 67
4037 16
4141 53
4180 81
4181 13
4228 66
4436 41
4447 106
4453 42
4623 5
4961 61
5300 117
5329 22
5368 10
5596 113
5618 5
5736 100
5821 4
5908 111
5924 73
6039 3
6136 60
6435 114
6467 53
6586 51
6591 100
6673 33
6779 62
6961 115
6963 42
6971 63
7269 70
7295 3
7584 77
7761 72
8245 47
8293 80
8335 11
8517 116
8947 4
8961 60
9065 116
9149 24
9253 98
9502 105
9599 112
9616 108
9820 111
9845 76
79
104 177
176 150
357 119
378 121
569 58
655 114
775 100
909 47
963 120
1021 74
1120 20
1223 27
1318 146
1436 155
1494 167
1591 125
1672 50
1920 54
2023 164
2261 114
2409 166
2565 45
2597 139
2628 179
2638 66
3074 59
3221 26
3426 180
3545 174
3708 14
3879 105
3918 73
4149 57
4243 96
4322 58
4351 125
4476 22
4692 162
4714 153
4816 124
5254 194
5272 91
5648 30
5678 12
5703 47
5855 73
6244 188
6386 152
6643 83
6778 47
6833 146
7166 129
7263 120
7300 139
7676 8
7695 10
7803 71
7822 176
7846 56
7926 18
7973 30
8010 82
8164 110
8296 127
8355 126
8479 97
8901 113
8947 105
9023 117
9030 172
9141 122
9248 35
9298 20
9378 50
9435 74
9451 193
9549 60
9783 6
9957 3
101
26 126
261 116
424 62
474 47
497 92
588 25
655 11
669 49
734 98
824 40
870 122
912 30
998 39
1034 33
1074 125
1107 90
1147 114
1275 16
1494 37
1649 116
1665 112
1782 32
1960 77
2031 121
2218 13
2229 54
2312 17
2353 44
2479 80
2574 34
2697 121
2753 42
2804 41
2844 9
3045 10
3058 54
3118 23
3285 119
3317 15
3350 112
3509 5
3565 3
3693 44
3745 12
3757 126
3809 107
3912 43
3917 16
3950 49
3976 10
4054 59
4074 101
4082 30
4096 111
4349 62
4450 58
4587 73
4601 15
4719 1
4798 101
5155 102
5238 86
5498 81
5608 60
5712 30
5767 34
5801 68
6059 91
6163 33
6241 17
6283 78
6375 134
6402 53
6414 68
6430 61
6479 58
6656 21
6861 67
7260 71
7441 7
7489 117
8125 11
8459 51
8500 96
8509 13
8607 94
8652 69
8785 126
8910 29
8954 42
9033 38
9173 18
9175 64
9187 92
9349 51
9437 82
9508 100
9538 14
9664 124
9688 30
9972 81
200
219 114
285 86
408 61
485 96
511 57
552 91
637 32
651 36
675 29
770 80
818 33
862 63
895 94
954 76
988 93
1048 73
1054 71
1089 84
1162 57
1163 18
1230 5
1291 80
1346 90
1361 23
1362 56
1470 95
1502 107
1532 55
1561 79
1617 21
1762 90
1794 115
1845 117
2008 22
2029 70
2085 34
2104 99
2108 70
2111 60
2164 14
2219 110
2242 115
2243 46
2266 45
2356 67
2371 74
2470 39
2474 30
2641 52
2671 38
2763 45
2854 113
2917 4
2958 11
2984 80
3002 39
3032 98
3079 56
3097 49
3161 102
3163 55
3165 107
3205 123
3262 106
3284 116
3440 35
3533 93
3558 102
3566 122
3696 54
3737 64
3791 92
3838 78
3840 45
3846 114
3873 87
3974 116
4088 45
4281 38
4361 109
4365 36
4392 38
4530 81
4549 57
4655 104
4662 65
4708 28
4737 73
4776 45
4795 91
4844 31
4868 93
4940 96
4980 34
5175 28
5177 62
5229 9
5245 58
5246 113
5286 106
5316 70
5325 111
5364 111
5459 68
5488 101
5495 3
5551 102
5607 55
5610 22
5661 52
5676 1
5679 8
5686 16
5710 6
5733 29
5739 23
5755 98
5790 2
5854 84
5875 19
5897 86
6006 80
6012 49
6089 45
6099 6
6102 100
6116 44
6248 51
6303 108
6322 25
6354 5
6359 1
6410 74
6459 65
6549 38
6666 84
6669 116
6683 30
6769 36
6784 68
6998 98
7022 111
7169 101
7190 94
7233 74
7284 61
7425 71
7432 94
7444 88
7516 54
7528 19
7547 99
7566 53
7616 76
7619 64
7629 1
7683 118
7709 14
7727 30
7802 73
7845 95
7862 120
7889 4
7893 41
7919 12
7972 65
7984 117
8001 91
8029 101
8061 120
8099 32
8308 22
8341 112
8434 67
8456 85
8621 120
8625 38
8702 83
8724 54
8765 34
8781 120
8797 112
8813 12
8848 41
8857 42
8897 14
9004 25
9025 33
9330 94
9340 6
9378 87
9501 80
9567 114
9593 39
9687 91
9698 91
9816 97
9834 63
9875 67
9909 67
202
137 3
155 72
200 152
212 3
264 187
471 84
578 176
621 21
666 117
673 80
714 156
730 178
809 105
870 127
1058 204
1088 220
1103 197
1146 88
1156 200
1208 42
1222 48
1280 86
1305 77
1333 17
1368 79
1377 159
1407 70
1457 18
1473 11
1507 146
1564 141
1577 220
1593 74
1594 5
1650 58
1676 132
1697 78
1736 22
1771 115
1786 193
1830 211
1860 64
1894 229
1937 157
1954 4
2091 56
2149 226
2155 193
2193 25
2273 232
2286 171
2298 48
2313 98
2327 227
2343 167
2389 200
2391 31
2399 194
2470 125
2512 44
2522 10
2536 47
2551 191
2562 5
2584 21
2607 209
2657 8
2665 9
2674 97
2722 183
2724 23
2854 84
2891 190
2945 112
2967 76
2972 23
2986 218
3008 226
3101 82
3108 199
3145 212
3440 10
3494 93
3527 136
3588 128
3605 51
3650 191
3728 41
3815 208
3978 154
4030 182
4049 161
4054 152
4112 18
4139 95
4309 2
4418 178
4434 147
4440 49
4490 141
4531 20
4549 89
4563 59
4583 206
4598 55
4604 2
4703 160
4714 41
4718 137
4724 47
4728 5
4748 21
4760 149
4767 215
4817 215
4855 57
4876 202
4902 80
4947 50
5028 180
5055 41
5215 183
5370 224
5450 25
5485 83
5562 202
5621 150
5647 91
5672 211
5695 29
5698 214
5744 45
5850 23
5925 34
5969 112
6074 222
6168 68
6207 188
6438 218
6453 186
6459 74
6476 93
6536 178
6590 52
6602 6
6650 182
6666 1
6680 27
6704 88
6709 208
6716 18
6729 66
6755 36
6808 185
6839 155
6975 53
7023 28
7161 57
7231 196
7238 137
7253 38
7344 109
7357 46
7674 59
7776 106
7832 99
7851 14
7891 180
7910 159
7927 191
7936 33
8020 211
8048 166
8049 157
8121 154
8142 195
8313 150
8349 153
8376 178
8415 206
8429 186
8533 116
8538 15
8712 170
8834 136
8836 103
8857 152
8858 20
8881 92
8917 45
9122 136
9132 195
9259 13
9260 44
9415 58
9443 110
9546 85
9670 92
9719 132
9746 216
9816 54
9963 35
300
60 2128
74 574
75 1007
93 1980
147 1390
185 111
208 780
240 889
248 1797
312 793
313 1599
315 2150
395 1768
405 850
433 41
474 325
514 2120
522 719
560 2078
653 1218
696 1737
754 1678
805 1464
815 1655
842 1178
847 866
987 989
1020 413
1048 579
1073 124
1074 68
1077 2436
1083 846
1084 990
1105 799
1129 529
1142 2035
1182 517
1202 2295
1222 1047
1320 837
1324 2400
1363 1664
1385 2324
1388 1959
1395 203
1439 1640
1449 1381
1482 512
1503 849
1588 1520
1641 869
1664 2045
1796 2310
1821 1872
1841 1150
1863 853
1872 1500
1899 1980
1922 745
2002 1475
2027 1588
2091 772
2097 1462
2104 1426
2132 2147
2148 2418
2170 1443
2199 1874
2287 98
2300 1361
2383 1893
2387 1617
2394 2007
2487 748
2541 1288
2555 1348
2585 80
2625 171
2644 2185
2650 1946
2660 357
2669 978
2677 1836
2707 1825
2749 2037
2816 1667
2834 1574
2838 2340
2868 2361
2920 2172
2957 879
2975 2361
2977 253
3013 1674
3045 389
3128 1993
3158 2331
3159 900
3176 1109
3183 2436
3256 1569
3296 255
3300 2026
3305 469
3323 505
3345 530
3364 1314
3440 2381
3481 2403
3510 1997
3529 1311
3539 2190
3555 1471
3635 1421
3663 2163
3708 2368
3863 443
3882 1986
3884 1640
3907 195
3935 1903
4038 1989
4073 1127
4074 1296
4086 1291
4210 181
4217 986
4254 2385
4260 481
4292 652
4307 2263
4318 2010
4342 1383
4402 2009
4436 3
4555 173
4572 2211
4653 1252
4704 2451
4715 2036
4763 862
4784 35
4857 1765
4859 157
4875 1806
4903 696
5102 707
5105 30
5174 1384
5217 525
5306 1987
5315 958
5323 2268
5355 66
5364 2078
5385 2476
5406 1913
5453 1689
5497 2223
5542 1659
5547 388
5555 990
5564 2382
5599 286
5603 532
5641 946
5650 1046
5651 761
5661 1025
5729 1638
5826 826
5871 1191
5900 386
5914 464
5949 711
5985 2009
6034 1331
6094 1821
6096 1867
6118 2035
6125 1915
6186 735
6213 2416
6288 118
6324 2149
6326 1912
6370 131
6446 2393
6508 1997
6556 388
6565 2227
6579 320
6608 965
6624 603
6647 289
6790 1486
6798 172
6841 183
6895 338
7058 677
7079 1771
7085 2017
7127 343
7212 2488
7255 1871
7323 2446
7364 7
7381 360
7437 402
7456 224
7463 1391
7469 671
7481 597
7491 2092
7505 189
7515 2377
7578 1161
7616 710
7668 1695
7679 907
7692 1493
7719 1487
7740 1858
7787 586
7864 976
7904 855
7907 620
7953 964
7959 1267
7976 555
8015 1419
8084 886
8105 553
8170 125
8181 1255
8228 1933
8322 485
8341 1705
8369 1211
8407 2036
8424 1727
8498 170
8557 2267
8570 790
8647 531
8673 365
8678 2000
8682 1388
8735 738
8760 1249
8764 329
8790 174
8796 786
8813 689
8818 65
8829 1395
8830 2341
8867 250
8878 520
8913 1374
8920 481
8955 2227
8962 1098
9036 494
9054 2166
9090 1105
9099 1321
9131 1404
9144 2363
9206 258
9217 2271
9244 315
9290 634
9308 1635
9340 1600
9370 880
9378 2478
9413 1810
9424 665
9490 20
9500 734
9507 993
9521 1297
9571 451
9629 1764
9652 519
9678 1831
9691 361
9697 1295
9795 2198
9810 1248
9816 967
9818 1517
9842 851
9864 2038
9882 862
9921 723
9995 1974
9998 1881
302
5 505
8 938
70 314
71 168
79 796
111 146
117 1013
122 677
127 1408
147 769
197 1150
244 514
323 720
333 1032
360 1267
407 962
413 1375
483 1501
597 1074
639 683
655 458
673 1504
682 37
703 763
764 1448
784 80
794 1229
830 117
890 195
907 1069
950 354
967 789
1012 590
1020 174
1033 55
1062 247
1090 443
1107 1469
1187 943
1232 177
1233 504
1235 1605
1240 483
1261 41
1282 455
1297 971
1299 78
1319 997
1458 381
1466 1126
1474 440
1508 71
1524 976
1541 508
1572 1042
1585 232
1596 456
1613 1149
1681 1612
1725 1242
1740 285
1747 7
1781 1409
1796 1376
1799 1626
1830 1503
1861 1461
1878 414
1889 702
1899 1641
1914 569
1927 159
1942 1091
1983 238
1990 717
1995 83
1999 43
2056 1597
2091 550
2135 445
2153 713
2172 251
2187 1395
2209 1633
2310 1324
2414 1481
2521 641
2522 376
2530 1418
2575 503
2587 813
2641 1026
2646 745
2710 1075
2717 273
2791 365
2814 859
2836 1384
2848 4
2926 215
2959 589
2975 1267
2976 173
3085 193
3098 1557
3108 815
3178 1501
3190 1586
3213 1511
3226 16
3259 671
3300 765
3329 99
3383 572
3418 942
3441 366
3466 1402
3594 1242
3657 495
3659 1625
3678 148
3724 1131
3733 1380
3846 1129
3883 325
3894 87
3903 484
3953 1454
3984 931
3999 1190
4003 870
4086 73
4285 1459
4333 25
4398 1136
4422 1560
4434 1240
4513 728
4576 1618
4603 1378
4616 1457
4626 745
4670 77
4688 129
4704 545
4727 362
4750 216
4849 1574
4923 689
4941 1224
4944 26
4976 11
5047 622
5067 940
5093 1121
5103 769
5139 1239
5154 271
5160 554
5209 625
5213 446
5248 1105
5341 52
5361 190
5392 1460
5476 9
5480 1479
5496 601
5540 1551
5560 620
5649 1226
5653 1063
5719 1598
5724 158
5764 1167
5776 92
5801 1126
5846 1148
5893 1185
5897 350
5910 1558
5926 285
5931 1417
5969 1058
6035 1115
6095 531
6154 326
6237 46
6261 1376
6265 39
6273 97
6281 569
6285 613
6296 101
6323 1037
6347 543
6496 1076
6527 724
6558 332
6585 924
6626 407
6674 1045
6696 753
6732 907
6750 1548
6772 386
6786 765
6801 1152
6805 1324
6881 1585
6936 1070
6954 1003
6987 944
6993 1362
6995 1286
7002 1467
7032 1412
7042 1525
7045 657
7058 502
7076 416
7114 781
7179 926
7215 1255
7251 1395
7254 403
7278 337
7334 881
7360 364
7371 201
7373 121
7376 80
7472 1121
7546 251
7569 316
7584 1507
7596 1601
7630 1517
7642 1229
7679 533
7766 1560
7769 1354
7819 682
7830 1499
7928 1461
7942 353
7943 1224
8025 754
8036 33
8093 460
8148 1254
8153 126
8157 375
8164 1294
8166 956
8175 485
8182 914
8249 823
8305 1399
8347 732
8370 54
8427 545
8460 497
8462 677
8470 184
8578 1389
8581 863
8603 1015
8642 1062
8714 1054
8739 1580
8810 1610
8887 447
8892 606
8901 1655
8919 1256
8987 849
9003 28
9033 1138
9123 162
9185 1442
9244 1554
9301 417
9418 1116
9428 62
9498 1122
9564 854
9604 1666
9616 1594
9621 72
9690 1264
9721 504
9732 446
9744 179
9815 1073
9820 1476
9863 1165
9874 872
9914 258
9984 1238
9992 1023
9993 30
492
3 513
29 14
43 503
45 304
53 105
61 475
76 153
103 423
109 560
160 608
164 2
172 603
187 395
197 272
210 226
257 501
263 458
268 522
274 608
310 460
316 257
333 43
397 407
417 131
418 306
428 484
451 421
452 230
459 160
465 317
468 229
475 409
489 254
498 95
501 207
505 356
511 10
516 614
532 625
548 600
552 66
592 481
603 256
635 540
642 27
652 143
659 633
665 17
668 513
672 115
678 272
684 223
728 525
734 593
764 465
787 284
798 342
802 50
805 19
858 486
865 593
926 644
947 12
973 360
979 390
998 619
1005 612
1008 195
1010 65
1022 559
1054 642
1056 61
1087 625
1095 341
1102 439
1152 639
1215 138
1221 215
1260 314
1301 617
1349 203
1365 5
1399 104
1416 140
1430 82
1433 439
1436 231
1452 135
1505 559
1518 584
1522 161
1552 89
1612 450
1622 309
1644 162
1652 344
1656 78
1666 455
1702 120
1713 293
1719 525
1723 145
1740 495
1776 4
1827 176
1840 44
1858 512
1864 10
1880 131
1927 215
1936 553
1950 108
1955 44
1959 575
1967 500
1999 159
2014 341
2020 197
2034 456
2044 426
2046 126
2069 657
2086 5
2104 161
2109 428
2139 616
2147 561
2170 515
2195 264
2238 28
2260 319
2274 78
2303 370
2313 634
2327 463
2356 53
2364 48
2391 203
2456 165
2465 321
2468 534
2549 494
2550 232
2551 452
2555 610
2560 163
2578 647
2612 390
2650 648
2674 41
2676 19
2696 329
2721 131
2731 396
2741 569
2755 651
2776 485
2777 428
2778 553
2800 514
2847 488
2852 653
2882 258
2927 338
2950 238
2962 447
2964 20
2965 524
2967 291
2976 193
2995 145
3078 333
3086 65
3094 28
3123 620
3134 40
3156 7
3159 263
3165 388
3224 566
3275 1
3278 502
3306 53
3310 504
3315 524
3318 420
3334 464
3343 331
3365 368
3411 169
3419 403
3421 143
3423 613
3425 409
3439 177
3482 420
3514 25
3563 230
3565 628
3587 25
3619 485
3684 279
3694 120
3713 164
3756 435
3775 21
3808 314
3897 482
3927 658
3934 598
3954 493
3969 445
4018 659
4042 606
4053 484
4101 171
4118 247
4143 240
4161 155
4178 266
4181 19
4184 618
4212 502
4249 160
4266 29
4276 527
4292 308
4350 492
4353 350
4362 52
4399 146
4415 521
4429 402
4454 284
4466 291
4486 492
4489 614
4495 163
4496 298
4515 486
4516 116
4529 48
4530 125
4544 211
4554 406
4628 136
4640 432
4654 177
4675 563
4678 525
4725 368
4759 79
4788 632
4813 117
4818 35
4820 17
4826 314
4839 468
4863 210
4865 485
4875 28
4943 208
4974 19
5010 268
5019 134
5020 523
5025 577
5073 285
5114 28
5163 374
5175 621
5215 248
5252 256
5259 516
5281 167
5294 604
5341 149
5362 166
5374 474
5416 454
5452 134
5473 37
5474 222
5484 84
5511 400
5516 293
5537 441
5541 122
5547 575
5556 48
5584 362
5585 220
5595 595
5639 420
5646 221
5682 483
5737 503
5752 203
5757 492
5778 403
5831 296
5842 263
5864 252
5865 523
5897 612
5963 267
5971 431
5978 658
6027 190
6068 129
6071 111
6084 33
6133 204
6162 427
6181 158
6182 87
6188 371
6199 71
6265 620
6302 378
6348 376
6396 108
6405 172
6421 75
6426 449
6436 364
6438 449
6442 407
6447 519
6454 489
6560 607
6565 532
6573 296
6575 466
6578 153
6606 91
6615 246
6648 454
6672 453
6718 365
6723 353
6725 82
6747 569
6764 501
6790 484
6791 240
6813 476
6818 186
6825 51
6849 596
6851 530
6854 309
6919 404
6928 116
6947 373
6957 188
7047 576
7052 213
7070 526
7071 105
7081 586
7090 504
7110 553
7125 516
7130 296
7158 242
7161 477
7187 23
7196 407
7197 58
7222 30
7232 541
7247 389
7265 174
7291 535
7330 135
7340 337
7350 511
7363 271
7376 105
7393 469
7445 43
7462 522
7508 666
7570 609
7574 165
7587 88
7591 588
7615 423
7631 493
7657 400
7692 66
7732 500
7751 664
7786 616
7803 223
7845 357
7872 542
7924 438
7932 84
7948 538
7966 149
7970 545
7996 162
8004 240
8039 248
8072 418
8084 36
8122 391
8124 103
8142 358
8146 657
8150 319
8169 408
8206 537
8221 228
8226 327
8273 305
8284 565
8293 662
8299 428
8306 227
8359 10
8404 8
8425 113
8438 408
8506 412
8509 479
8528 64
8564 277
8579 439
8580 62
8616 276
8626 556
8699 44
8769 360
8793 572
8799 235
8817 220
8828 2
8887 392
8896 499
8938 347
8950 15
8957 213
9018 446
9038 373
9048 59
9107 423
9160 12
9177 645
9188 490
9202 19
9203 524
9212 619
9214 70
9252 405
9256 69
9310 79
9372 6
9393 529
9396 314
9403 209
9421 303
9422 245
9425 535
9432 562
9468 428
9486 110
9520 560
9530 67
9544 118
9560 16
9574 612
9575 239
9600 245
9610 292
9621 205
9624 623
9630 453
9755 485
9786 184
9830 226
9865 177
9868 151
9897 323
9910 151
9962 283
9976 410
9981 468
9986 278
10000 211
494
22 212
31 217
41 85
50 161
58 233
80 15
135 150
144 119
161 31
179 37
190 203
196 235
211 21
241 30
250 156
262 229
274 118
282 16
309 131
318 195
356 54
363 159
401 15
405 168
411 192
421 236
466 233
486 127
502 254
505 133
545 120
549 90
560 79
561 257
564 25
565 194
566 119
609 122
633 250
634 252
644 226
660 217
685 8
686 110
728 102
730 204
753 127
774 249
781 181
785 243
800 199
801 198
812 1
875 159
877 105
904 119
912 139
918 3
919 69
930 8
952 168
979 30
991 193
1032 251
1035 95
1057 11
1058 249
1061 201
1072 208
1092 122
1093 61
1128 4
1139 4
1146 212
1154 104
1165 5
1226 7
1227 125
1249 239
1262 20
1275 85
1281 68
1301 48
1313 190
1317 107
1381 150
1405 231
1425 44
1430 234
1444 171
1481 59
1484 127
1510 194
1565 154
1577 11
1588 12
1594 41
1597 11
1621 141
1628 194
1630 144
1653 231
1663 13
1678 62
1698 190
1721 53
1737 227
1759 121
1774 186
1778 25
1782 95
1785 43
1793 7
1797 55
1799 74
1815 18
1816 186
1817 49
1827 44
1853 189
1873 92
1874 249
1881 40
1924 236
1925 24
1966 254
2026 259
2034 191
2068 169
2085 224
2088 165
2102 15
2110 171
2150 176
2190 236
2211 180
2231 87
2249 145
2291 206
2300 120
2331 258
2340 221
2346 254
2360 149
2376 69
2381 145
2388 80
2393 203
2409 178
2417 72
2421 259
2431 240
2433 13
2443 116
2458 198
2465 71
2479 113
2526 164
2542 55
2546 162
2554 51
2570 37
2573 143
2634 80
2636 33
2661 185
2665 33
2669 81
2671 202
2703 157
2709 63
2717 185
2732 248
2749 169
2766 79
2776 188
2799 178
2814 69
2850 173
2866 105
2872 104
2874 42
2884 73
2892 113
2924 82
2939 237
2999 178
3008 97
3009 150
3017 170
3024 213
3039 201
3043 39
3058 49
3072 96
3100 57
3123 77
3134 45
3139 238
3140 81
3174 198
3202 138
3204 172
3239 69
3252 41
3275 92
3300 256
3303 239
3306 244
3308 40
3344 69
3347 76
3368 219
3369 237
3405 67
3484 51
3497 17
3505 28
3522 248
3532 251
3543 219
3563 167
3609 87
3628 83
3674 17
3696 138
3717 131
3781 81
3788 203
3801 47
3869 225
3882 148
3948 3
3975 33
4007 161
4022 95
4029 22
4070 188
4091 170
4136 191
4141 119
4150 113
4158 111
4180 189
4254 116
4276 14
4296 44
4313 169
4335 110
4371 227
4376 182
4383 190
4421 217
4430 82
4447 251
4455 17
4457 19
4468 20
4471 133
4482 68
4484 174
4513 251
4514 226
4637 110
4640 13
4671 263
4672 7
4675 261
4719 72
4836 165
4838 112
4871 157
4875 181
4888 144
4949 147
4957 201
4983 258
4998 82
5004 130
5011 166
5023 23
5055 206
5103 210
5125 204
5179 65
5182 242
5199 235
5272 182
5279 185
5281 208
5291 125
5305 242
5347 256
5367 172
5404 56
5435 183
5446 49
5448 103
5452 147
5463 35
5468 208
5484 128
5491 122
5495 164
5498 226
5504 201
5514 169
5530 121
5573 26
5584 228
5587 257
5596 32
5638 256
5644 188
5734 30
5806 40
5906 237
5914 111
5953 167
5999 87
6003 181
6006 167
6032 228
6084 82
6087 156
6100 245
6128 232
6136 228
6192 82
6215 141
6220 55
6226 30
6230 97
6259 108
6297 248
6301 102
6306 160
6326 93
6340 262
6348 158
6352 246
6357 123
6386 261
6389 191
6396 257
6431 238
6482 160
6508 126
6517 229
6520 24
6542 21
6545 263
6548 199
6570 158
6573 224
6611 108
6685 188
6688 150
6706 16
6730 24
6754 189
6775 133
6781 141
6798 10
6803 169
6857 221
6866 134
6868 246
6902 139
6933 55
6967 70
6980 254
7067 243
7163 247
7188 96
7226 88
7229 100
7237 116
7241 211
7275 86
7307 144
7352 34
7359 51
7401 97
7436 3
7443 234
7523 256
7541 260
7570 163
7580 178
7587 211
7601 154
7617 80
7641 261
7642 164
7666 46
7729 249
7751 191
7769 113
7814 205
7827 14
7833 66
7870 70
7879 25
7889 105
7922 224
7957 40
7966 132
7967 231
8089 161
8098 39
8100 127
8106 263
8125 13
8147 98
8169 102
8174 148
8183 36
8201 79
8203 251
8207 73
8287 71
8313 99
8316 167
8325 40
8371 78
8379 187
8383 205
8398 29
8404 145
8439 221
8466 237
8469 100
8479 109
8528 143
8538 128
8539 47
8570 178
8578 18
8598 169
8614 142
8618 193
8631 20
8632 118
8654 214
8658 22
8854 69
8895 231
8904 188
8911 203
8922 14
8931 4
8946 151
8979 182
8982 86
9011 56
9016 189
9071 246
9081 203
9129 171
9139 223
9147 237
9170 132
9222 89
9247 131
9269 67
9304 153
9379 115
9415 50
9465 162
9466 175
9483 122
9529 65
9566 39
9572 32
9590 190
9594 220
9607 210
9610 145
9623 241
9635 96
9646 17
9763 53
9777 111
9790 226
9824 157
9826 219
9839 246
9911 25
9928 173
9939 248
9943 149
9984 97
9991 238
496
12 478
23 366
28 311
34 358
47 317
50 321
53 257
54 229
70 229
74 179
93 112
98 290
108 136
109 140
142 184
153 196
254 326
266 182
287 438
299 392
353 339
367 424
368 43
377 320
386 413
394 259
407 126
408 456
429 64
431 196
448 445
467 422
487 28
491 288
494 148
521 5
526 399
528 116
542 191
551 361
555 60
560 487
566 98
577 133
587 7
609 324
625 297
649 313
687 474
692 304
695 432
723 249
727 467
761 393
831 447
832 373
835 71
851 412
852 230
865 114
870 362
881 432
884 249
886 133
900 100
905 135
912 390
925 278
927 275
936 389
954 147
966 100
970 442
973 490
979 77
983 344
997 338
1016 421
1030 65
1035 307
1042 486
1052 415
1065 10
1125 447
1147 185
1157 352
1179 83
1189 420
1192 399
1193 496
1217 439
1237 95
1244 355
1251 164
1275 166
1277 436
1318 27
1347 252
1352 354
1368 373
1373 281
1380 56
1405 102
1413 126
1423 258
1487 498
1525 390
1539 290
1546 340
1568 219
1584 387
1586 278
1613 184
1623 175
1647 491
1661 292
1665 4
1668 118
1672 392
1676 407
1720 185
1744 144
1749 441
1757 65
1768 85
1786 269
1800 370
1809 153
1815 152
1838 78
1885 290
1910 434
1923 140
1946 139
1952 118
1963 219
1973 129
1998 305
2003 71
2010 361
2018 114
2037 145
2057 171
2092 462
2109 426
2144 233
2146 88
2174 35
2200 58
2204 451
2213 53
2226 145
2246 151
2262 84
2265 353
2274 99
2283 442
2288 227
2289 41
2307 131
2352 354
2378 238
2383 409
2389 321
2404 429
2426 331
2435 66
2532 492
2554 447
2566 499
2592 319
2593 124
2635 76
2668 500
2670 101
2677 355
2687 41
2699 493
2703 439
2705 181
2714 401
2757 250
2763 326
2767 45
2807 287
2836 495
2841 486
2857 257
2863 438
2892 193
2922 401
2930 49
2957 176
2963 183
2966 316
2969 378
2994 112
2998 239
3038 94
3042 351
3050 304
3055 157
3057 255
3077 131
3085 334
3099 295
3116 246
3131 90
3175 129
3195 186
3250 419
3317 376
3337 370
3371 287
3378 52
3401 353
3427 359
3448 386
3492 276
3505 47
3533 207
3549 463
3567 24
3590 493
3618 471
3633 390
3653 309
3657 166
3695 469
3745 105
3870 431
3873 109
3919 332
3931 183
3934 469
3970 114
3975 311
4011 111
4032 145
4048 129
4059 221
4080 32
4116 253
4120 289
4144 260
4145 244
4149 78
4184 108
4261 293
4273 20
4274 159
4288 229
4328 500
4333 474
4345 257
4398 38
4412 291
4465 322
4484 118
4490 387
4547 472
4553 45
4594 348
4624 374
4660 94
4661 200
4681 172
4704 57
4711 321
4766 471
4769 454
4806 269
4820 159
4871 277
4893 403
4957 36
4987 149
5033 242
5085 368
5105 254
5106 94
5114 186
5170 196
5182 243
5280 420
5371 338
5401 261
5402 164
5451 460
5510 4
5516 399
5528 34
5559 140
5580 352
5593 430
5605 87
5635 428
5636 392
5644 309
5659 124
5825 294
5834 76
5865 106
5868 103
5883 249
5921 187
5950 488
5967 414
5973 35
5996 244
6021 358
6086 495
6109 465
6113 160
6117 410
6209 209
6232 192
6234 270
6260 7
6272 415
6350 2
6356 216
6414 3
6462 48
6514 419
6520 458
6573 303
6575 286
6603 208
6608 201
6631 482
6658 427
6709 247
6718 462
6720 76
6756 125
6788 36
6798 286
6810 56
6826 201
6832 40
6862 384
6881 369
6902 439
6908 348
6912 313
6919 486
6924 267
6929 196
6933 163
6988 243
7016 435
7051 480
7052 29
7070 174
7073 11
7079 335
7083 202
7087 177
7088 345
7176 207
7183 356
7235 457
7250 62
7254 352
7262 340
7277 420
7283 397
7300 300
7312 195
7352 352
7364 163
7366 98
7370 438
7403 228
7558 490
7566 453
7568 237
7586 303
7600 470
7614 128
7658 84
7661 65
7673 164
7683 196
7704 236
7706 388
7765 65
7789 269
7796 65
7889 268
7891 466
7909 272
7914 348
7917 462
7933 110
7940 132
7951 98
7976 7
8011 5
8029 92
8039 449
8097 279
8111 474
8116 69
8122 91
8140 76
8154 152
8188 193
8189 317
8200 169
8232 120
8235 71
8241 438
8263 346
8272 178
8309 380
8322 224
8327 13
8369 260
8381 24
8426 434
8443 138
8454 187
8462 185
8479 187
8508 116
8520 329
8534 233
8569 461
8573 212
8579 479
8581 166
8583 217
8629 437
8635 296
8643 131
8646 435
8658 132
8676 493
8683 252
8700 425
8710 284
8761 470
8774 230
8778 73
8789 1
8793 117
8807 108
8811 102
8865 346
8868 98
8888 454
8924 70
8925 129
8966 411
9019 264
9028 141
9034 3
9046 428
9054 417
9070 365
9071 27
9090 70
9091 44
9155 83
9193 87
9225 271
9318 382
9350 433
9358 124
9375 217
9378 318
9432 28
9446 81
9456 185
9466 162
9477 208
9484 27
9522 185
9539 354
9574 38
9621 379
9642 294
9655 333
9735 176
9753 160
9790 338
9832 66
9869 307
9891 135
9899 100
9912 69
9937 117
9952 185
9972 201
498
5 35
7 86
8 5
30 86
33 107
46 101
81 73
101 18
110 26
123 73
151 9
169 48
177 103
191 65
198 21
281 81
282 43
290 15
292 10
312 88
318 108
376 38
416 75
443 17
501 9
524 99
545 50
546 33
552 37
561 1
564 49
573 73
584 88
635 104
638 78
659 78
666 67
680 102
699 95
715 110
738 34
744 64
752 81
753 91
769 38
782 42
785 48
795 108
825 36
869 54
870 98
924 53
939 88
956 42
957 68
967 35
977 62
984 69
991 42
993 61
1035 82
1047 99
1048 112
1067 72
1111 70
1119 31
1120 7
1128 89
1133 4
1138 24
1151 61
1159 16
1198 53
1203 103
1204 75
1206 67
1217 66
1223 16
1226 5
1244 104
1273 89
1289 39
1293 109
1306 72
1310 66
1320 101
1332 41
1353 96
1361 17
1367 59
1437 7
1440 90
1444 15
1447 22
1450 94
1457 44
1463 85
1488 20
1492 6
1510 78
1511 40
1513 22
1523 75
1537 65
1553 75
1561 70
1584 62
1587 79
1594 49
1598 90
1626 45
1655 78
1679 3
1687 90
1701 84
1745 73
1749 1
1784 111
1785 83
1803 112
1816 60
1819 44
1842 17
1883 111
1902 19
1919 98
1934 98
1953 109
1955 28
1967 30
1968 22
1976 53
1995 70
2019 54
2041 18
2094 26
2096 12
2104 68
2105 2
2128 87
2135 77
2136 49
2158 31
2172 68
2173 73
2196 102
2218 61
2227 16
2230 15
2236 47
2249 73
2255 107
2272 37
2293 1
2299 33
2304 19
2307 55
2325 94
2351 68
2357 83
2427 36
2439 70
2470 12
2499 86
2531 69
2532 80
2557 105
2569 50
2572 32
2575 58
2577 16
2593 2
2620 108
2626 93
2629 67
2642 84
2650 37
2657 36
2685 19
2686 5
2693 66
2694 110
2733 51
2740 42
2746 5
2747 34
2748 31
2752 80
2759 67
2770 51
2793 76
2795 38
2870 53
2881 4
2893 66
2918 25
2937 62
2945 29
3130 24
3144 32
3150 46
3155 15
3158 95
3182 58
3183 6
3202 85
3210 97
3221 69
3244 77
3332 59
3365 27
3377 48
3388 99
3393 35
3435 25
3441 99
3462 20
3492 38
3509 33
3544 45
3565 15
3584 104
3601 19
3608 78
3635 103
3640 63
3671 31
3720 7
3726 9
3805 69
3823 7
3833 14
3854 31
3855 108
3860 39
3895 102
3916 53
3926 49
3956 82
3962 31
3988 75
4041 52
4042 79
4050 89
4070 58
4088 7
4098 4
4130 95
4154 90
4159 53
4163 49
4174 66
4179 50
4196 22
4222 96
4235 99
4245 2
4265 80
4407 75
4466 38
4498 30
4499 95
4506 47
4523 51
4566 107
4570 56
4577 80
4599 62
4608 96
4610 90
4636 78
4646 73
4654 37
4674 87
4675 86
4736 89
4760 46
4774 18
4787 59
4826 102
4830 78
4872 8
4906 54
4960 55
4971 6
4980 52
4986 60
4996 110
5033 45
5068 78
5133 63
5143 95
5145 68
5167 84
5170 104
5173 87
5178 74
5210 44
5262 99
5303 42
5315 78
5353 88
5384 75
5418 45
5436 3
5457 43
5467 72
5489 38
5500 105
5559 43
5584 54
5640 33
5679 89
5680 7
5684 72
5698 4
5719 81
5762 43
5780 77
5800 5
5872 33
5894 50
5915 66
5918 91
5929 5
5975 91
5983 72
6003 66
6007 52
6011 63
6037 7
6061 98
6079 56
6096 82
6105 83
6121 66
6143 79
6154 72
6225 14
6261 25
6265 49
6276 42
6280 30
6295 102
6305 51
6312 73
6361 112
6362 49
6389 44
6424 98
6494 13
6507 18
6558 86
6574 99
6612 28
6626 96
6673 23
6696 93
6705 105
6728 108
6771 49
6793 58
6810 85
6821 63
6829 70
6867 97
6901 61
6912 96
6917 32
6931 71
6970 15
6971 107
6976 79
7008 105
7017 74
7019 47
7023 100
7029 71
7033 85
7040 23
7163 79
7191 3
7193 4
7273 43
7281 52
7318 90
7340 86
7358 39
7359 35
7447 34
7514 50
7517 45
7522 8
7569 37
7579 35
7600 39
7603 64
7617 28
7683 34
7686 79
7687 109
7702 64
7710 67
7773 82
7780 11
7861 109
7866 34
7882 18
7886 36
7888 57
7934 80
7957 12
7963 65
7965 99
7968 104
7980 42
7983 35
8043 47
8045 103
8124 57
8139 33
8142 97
8166 28
8186 109
8218 98
8223 87
8257 59
8368 99
8398 13
8417 44
8425 88
8466 40
8467 63
8491 42
8510 67
8528 56
8535 13
8556 97
8597 15
8629 41
8638 107
8646 37
8692 23
8707 73
8716 60
8731 44
8764 19
8811 85
8864 42
8874 73
8902 103
8960 61
8972 105
9014 2
9035 29
9067 84
9076 71
9080 25
9093 101
9112 108
9115 6
9138 73
9158 41
9160 97
9163 30
9194 110
9230 70
9234 20
9246 13
9252 106
9264 104
9284 59
9311 48
9349 38
9361 21
9399 71
9430 38
9437 38
9458 44
9473 70
9506 2
9610 112
9625 31
9629 90
9631 2
9640 94
9687 63
9723 90
9733 31
9740 34
9760 88
9802 104
9810 68
9846 90
9859 61
9901 99
9903 17
9930 68
500
24 178
26 8
85 260
93 138
124 213
162 147
209 211
225 139
230 28
235 245
248 47
252 32
256 61
262 295
268 212
290 143
300 275
329 51
345 18
356 65
361 100
384 329
407 192
419 119
489 96
500 298
526 147
530 285
579 243
602 40
612 220
614 79
653 89
655 158
684 75
730 226
795 162
799 290
802 55
807 322
810 155
825 67
862 284
904 5
907 295
923 23
944 102
1001 109
1026 74
1063 125
1085 166
1089 240
1099 1
1111 184
1115 265
1123 175
1134 313
1135 127
1139 259
1147 79
1151 19
1164 135
1170 36
1180 60
1187 145
1232 30
1238 251
1265 52
1340 304
1343 237
1351 207
1352 24
1368 54
1384 50
1396 282
1407 35
1421 83
1427 194
1451 98
1455 322
1508 314
1554 197
1569 148
1570 100
1599 283
1605 45
1611 74
1640 103
1684 206
1686 238
1691 4
1699 279
1700 261
1723 304
1727 165
1728 93
1759 121
1786 231
1822 298
1867 284
1875 98
1886 214
1896 251
1913 94
1914 112
1952 291
1956 282
1987 130
1988 129
2018 92
2034 148
2087 268
2089 2
2100 253
2102 269
2156 129
2157 100
2164 318
2176 332
2188 167
2235 326
2245 307
2268 17
2275 178
2279 167
2294 275
2296 21
2314 146
2327 52
2332 328
2345 185
2348 219
2390 58
2397 207
2398 96
2413 5
2423 314
2429 313
2452 115
2460 193
2480 328
2501 160
2513 59
2520 127
2533 331
2541 172
2542 228
2621 232
2629 196
2641 301
2682 8
2684 249
2698 19
2715 302
2721 327
2722 87
2751 266
2813 272
2834 137
2836 211
2864 295
2874 46
2883 271
2911 175
2948 225
2949 162
2969 111
2974 255
2995 98
3007 263
3023 8
3042 215
3059 105
3074 197
3091 29
3099 302
3106 25
3121 259
3143 112
3144 210
3153 176
3177 53
3224 134
3239 263
3246 86
3259 83
3274 223
3296 11
3409 274
3411 273
3423 308
3439 38
3451 1
3489 266
3515 175
3517 297
3522 231
3525 246
3581 54
3612 299
3613 295
3642 246
3682 309
3706 15
3715 138
3735 96
3747 115
3757 290
3803 62
3812 173
3846 72
3876 20
3905 233
3909 53
3913 132
3924 74
3957 53
4002 69
4007 249
4008 180
4012 34
4013 282
4014 322
4018 201
4043 112
4052 97
4076 107
4082 289
4095 169
4098 322
4102 209
4107 285
4110 63
4142 61
4164 95
4181 35
4236 101
4280 173
4305 34
4320 279
4332 280
4373 70
4426 44
4427 43
4447 221
4507 142
4515 279
4569 245
4572 107
4583 301
4597 10
4630 49
4656 48
4722 63
4733 155
4755 34
4766 227
4799 271
4809 69
4813 279
4824 253
4835 141
4881 119
4887 120
4889 14
4899 63
4919 230
4927 141
4996 56
5002 38
5016 224
5025 279
5122 108
5123 194
5128 94
5140 21
5149 52
5174 186
5188 117
5197 227
5230 25
5231 250
5249 100
5286 301
5291 209
5307 70
5314 178
5358 228
5361 6
5402 147
5415 254
5433 20
5446 91
5491 214
5523 250
5577 69
5595 25
5640 298
5647 172
5653 229
5732 193
5754 191
5762 53
5797 63
5808 100
5814 216
5816 210
5817 52
5862 30
5876 73
5907 306
5912 231
5934 243
5943 8
5946 174
5962 238
6015 267
6034 117
6042 17
6051 167
6107 165
6111 306
6127 315
6144 88
6194 215
6206 211
6230 195
6241 219
6247 157
6318 307
6394 39
6421 215
6424 92
6430 24
6461 141
6463 159
6465 269
6491 98
6546 176
6576 259
6586 48
6594 53
6634 237
6641 224
6677 122
6708 291
6720 277
6766 191
6771 233
6798 308
6817 26
6842 59
6882 279
6890 23
6896 160
6913 288
6976 217
6983 226
7002 72
7049 87
7076 69
7150 186
7164 5
7179 41
7223 192
7270 221
7277 239
7285 121
7303 287
7338 292
7340 227
7345 60
7410 262
7413 199
7432 221
7504 2
7505 79
7525 46
7587 247
7604 248
7677 307
7705 106
7730 16
7793 270
7794 183
7798 265
7825 292
7845 183
7938 78
8000 111
8025 123
8028 79
8069 208
8126 257
8143 102
8149 141
8164 256
8174 224
8183 222
8209 63
8258 282
8268 79
8279 130
8281 293
8314 15
8343 276
8381 164
8410 315
8411 60
8527 238
8535 311
8544 190
8571 217
8579 331
8592 190
8609 126
8620 233
8638 155
8645 138
8647 289
8649 240
8650 11
8663 315
8680 225
8722 15
8743 69
8750 90
8840 309
8847 106
8853 301
8857 85
8875 253
8902 176
8907 161
8910 240
8946 226
8968 243
8987 207
9037 228
9047 8
9056 333
9062 195
9080 158
9096 222
9105 79
9119 98
9124 75
9138 309
9143 115
9145 45
9151 315
9152 153
9158 2
9164 161
9170 141
9180 181
9181 52
9204 59
9216 49
9223 297
9239 224
9282 76
9289 221
9291 256
9293 281
9414 1
9469 38
9478 14
9488 210
9493 75
9495 170
9501 82
9506 25
9516 201
9545 200
9551 308
9582 136
9586 278
9588 324
9624 128
9654 303
9686 172
9691 102
9709 145
9722 253
9735 289
9737 151
9752 97
9757 146
9764 160
9837 256
9863 144
9887 214
9897 201
9909 278
9923 259
9933 36
9937 84
9942 63
9983 240